2.323604849774428160e+01 -4.575444256819572786e+01 -1.614236970729647780e+01 1.791039240144471023e+01 -1.390852365466720464e+01 4.377731876631837338e+01 -2.576442814965716366e+01 2.684211509774187654e+00 -1.761293435549872299e+01 1.683223458681492923e+00 -3.286343741572277377e+00 2.560334447484640119e+00 2.148385262766858261e+00
2.296552768465139494e+01 -3.234260167926645124e+01 -8.829653107280106994e+00 8.252333961894526837e+00 -2.230417169087398221e+01 5.008982014044990194e+01 -4.313969840858820959e+01 7.562947679371588627e+00 -1.602839559704578321e+01 2.079618746380942795e+01 -6.363597822286434003e+00 2.939495103143467070e+00 -1.012156019278219077e+01
2.271201080893789026e+01 -3.299340161972740759e+01 -1.380311003144654158e+01 8.645720630136409568e+00 -2.017727429007108597e+01 5.642057393581396951e+01 -4.774160250923313953e+01 7.166639645451887475e+00 -2.399533220242775755e+01 2.807316125089309011e+01 -6.031091958339177772e+00 3.078307135558771002e+00 -1.528464218134488029e+01
2.256850945133655628e+01 -2.390606438489768948e+01 -5.119941737322450948e+00 1.535773197347027219e+00 -1.799627260381667782e+01 4.220512787937123989e+01 -3.300175304681067701e+01 6.903971185441659664e+00 -2.252396381922754642e+01 1.840950244514161938e+01 6.315148454132216038e+00 1.272960814884542380e+00 -1.485219308105673797e+01
2.257130815647881050e+01 -2.922715039662048753e+01 -4.611266047630324216e+00 -9.769651982397089540e-01 -1.593259208585875442e+01 4.671632106762933034e+01 -3.202365570153587981e+01 8.442582525095374546e-01 -2.411696757291200299e+01 1.827178226300929254e+01 1.375715652893044094e+01 5.435328470995786330e-03 -1.801350546090450067e+01
2.251590675450648860e+01 -2.828992830278763293e+01 -1.316093194550453305e+01 3.363043422469226051e+00 -2.266464748666335183e+01 6.084219487115181835e+01 -4.267330645485060359e+01 1.069167082690255910e+01 -2.905271579690340289e+01 2.506171002147055660e+01 -7.349552056251279497e-02 4.910982260326598237e+00 -2.126330026653498351e+01
2.235613326110731336e+01 -3.071784660872057060e+01 -1.614844464765331367e+01 -6.956952023976934463e+00 -1.234086314690821595e+01 6.242097430735648800e+01 -4.983969279717119605e+01 1.193565506499373186e+01 -1.715775290508566897e+01 1.158291102857147514e+01 -3.138223483282280402e+00 4.890525214821608735e+00 -1.592624580777157028e+01
2.218983389249412497e+01 -2.591731746559845462e+01 -2.114508178026471086e+01 -2.758082854145311735e+00 -1.541346255321290393e+01 6.768155134672210238e+01 -6.303650545373414360e+01 2.001325709847502310e+01 -1.757402863697128481e+01 1.865873692764438019e+01 -7.326016582078080930e+00 6.451724569361320327e+00 -1.489043580584964843e+01
2.201467245207698653e+01 -2.912411100598955471e+01 -2.826911183288743246e+01 -8.057791069563043251e+00 -1.263464841341957801e+01 7.274720595562256165e+01 -6.768822029855589051e+01 2.619791406593980909e+01 -1.729169372794538617e+01 2.255248023538273827e+01 -1.114583398247532386e+01 3.499088318113797058e+00 -1.768132990866440934e+01
2.163266339662184379e+01 -2.467922230132232286e+01 -2.713943522838992450e+01 -8.853517283773513213e+00 -9.973906738421602469e+00 7.429363923202672026e+01 -6.603555916529418823e+01 2.555827115283012674e+01 -1.495787967196378965e+01 2.228221539022483100e+01 -1.800810482799745671e+01 2.684683606989759053e+00 -7.638768750733523127e+00
2.128278665127988845e+01 -3.044631610336930549e+01 -2.909013388477332285e+01 -1.747315514425283212e+01 1.901160040234090021e+00 7.677737528438510139e+01 -5.255060087582701556e+01 1.593441191186121486e+01 -9.301647178159134555e+00 1.077543006921879787e+01 -2.116967470868655710e+01 -3.518019678517876336e+00 1.031366182440367218e+01
2.097345539639235668e+01 -2.430974003906439407e+01 -2.379982492802525584e+01 -1.966573114994693228e+01 -3.400469994753907432e+00 6.618004498486702403e+01 -5.639733020036893407e+01 6.384926538084248371e+00 -2.368953606435034165e-01 1.717914430981485552e+01 -2.256470732919880007e+01 -9.312258936761578454e+00 8.178812197330197264e+00
2.063975078628250870e+01 -1.832814843353120082e+01 -2.920117791073165492e+01 -1.167700574336631902e+01 -1.024428595841115808e+01 6.654972843273661454e+01 -6.297274407000843155e+01 1.028013453194263782e+01 -5.852927600450742673e+00 3.062055692536297613e+01 -2.688185918110361072e+01 -8.115793589319915569e+00 4.831300156735180984e+00
2.038531158533539056e+01 -2.304564674351754761e+01 -3.360846150851232750e+01 -1.537304948048225306e+01 -1.689410302979036160e+00 5.815149327829310977e+01 -4.948182670031055608e+01 1.044961132072291932e+01 -2.124522291300507959e+00 2.118677882170473481e+01 -2.480040385846065476e+01 -8.423524805938166438e+00 4.891803204105327652e+00
2.019284096017270613e+01 -2.526023543310437702e+01 -3.755557004629940820e+01 -1.591888700896229203e+01 6.500625430558495843e+00 6.351463595216540625e+01 -3.738121719737032578e+01 1.094276177457805410e+01 -8.260766685531919507e+00 1.030634493644358507e+01 -2.624780314736862508e+01 -4.225675150897061805e+00 1.435829759384234805e+01
1.996585160072998377e+01 -2.501479243432137167e+01 -4.247412401659339309e+01 -1.638792820684550122e+01 6.002199612358990244e+00 6.077620689687232414e+01 -3.354699796502659837e+01 2.020919835111079266e+01 -1.272945230818881557e+00 1.250297425735966783e+01 -2.666208439945414099e+01 -4.455956860521453677e+00 4.931475226959690872e+00
1.978448263302145094e+01 -1.675768853145847004e+01 -3.865406838866463346e+01 -1.451831850319602601e+01 2.878920607207736015e+00 4.027881185841413725e+01 -4.784636136206827217e+01 1.455668235224462670e+01 -3.584741309106261209e+00 1.049228057649659895e+01 -2.020408406762150477e+01 -9.229691044050925441e+00 -3.457320701379296146e-01
1.966876735993795933e+01 -1.506471387742673507e+01 -3.469943060036365523e+01 -1.566062302331916634e+01 9.162131413332815555e+00 3.588581927923378601e+01 -4.348337776554691203e+01 1.391731557763371008e+01 1.738250222495839603e+00 9.674033277632553052e+00 -1.419052675993344970e+01 -5.842781505037208944e+00 -5.246604464135174339e+00
1.948069702891080368e+01 -1.196641865484116529e+01 -4.163447666031778738e+01 -1.486235081129281177e+01 7.051408730501592892e+00 4.651020755910325732e+01 -4.252260866275386775e+01 2.294968930191623357e+01 -8.823477379860234393e+00 6.605149122387278027e+00 -1.578858178440143156e+01 -4.799113627431609075e+00 -8.583692455889783135e-01
1.931831124490869556e+01 -2.526329361607932356e+01 -5.442056097508538670e+01 -2.571288691970232776e+01 1.891275214708811703e+01 6.343287440377991260e+01 -1.811071586657860166e+01 4.513591407319115234e+01 2.631738595021926752e+00 -5.062701816773867991e-01 -1.806825264547866183e+01 -1.305049922536639961e+01 -4.163669938543116622e+00
1.916557529557848483e+01 -9.559118003714351275e+00 -4.101238905653290345e+01 -2.608839668154656266e+01 1.039857555139565726e+01 4.092226818133639199e+01 -4.890353131140972209e+01 2.940730081309794386e+01 -1.133922874057819286e+01 -5.571772569110105877e+00 -2.202623856026043381e+00 -1.473940000294483355e+01 -1.150431707099391865e+01
1.913655575368188977e+01 -1.636509957687805494e+00 -3.515298575900567357e+01 -1.755954883483732232e+01 6.027272403647233823e+00 3.796354112811569337e+01 -4.675402506167564809e+01 2.382927227028273265e+01 -1.182785711376113724e+01 4.822732855255567053e+00 3.999934049885846665e+00 -1.179841644265110645e+01 -1.280887840562957081e+01
1.922345778062076960e+01 -3.900443701013612152e+00 -4.068367753136664788e+01 -1.823901797191398089e+01 3.651135491972923308e+00 4.025882056264470066e+01 -3.423297474454066958e+01 2.211236948431585247e+01 -1.751965597669593322e+01 7.973808782739179257e+00 -9.016882475743173142e-01 -1.439872806465599098e+01 -8.560657496162811242e+00
1.923053007055036545e+01 -1.243964526410974614e+01 -5.103329564997041956e+01 -2.554110531629374492e+01 6.515042244780051561e+00 4.976045640544428750e+01 -1.790889410676611249e+01 2.769629959093294858e+01 -1.744754027801565499e+01 1.534507967109407955e+00 -5.339569346942865558e+00 -1.570619680244567284e+01 -7.993751798274591813e+00
1.918192433567090305e+01 -3.163925892335995638e+00 -4.219893770037906933e+01 -2.169011634230649932e+01 6.977330235333799813e+00 4.075719662872798210e+01 -2.141095810150056877e+01 1.595877526246976252e+01 -2.134490612884574645e+01 5.228422208180310449e+00 -6.171652368427400503e+00 -9.726432179652439558e+00 -6.091921311012786333e+00
1.904679141594510838e+01 2.465996967681193919e+00 -3.899130645074446022e+01 -1.779293468558909552e+01 4.791494420675680210e+00 3.317955660195489997e+01 -2.660851162206589748e+01 1.001854433264716171e+01 -1.104847341494938995e+01 1.405426917728881797e+01 -7.330672813563626988e+00 -1.549033886017784667e+01 -1.752690373639320010e+00
1.899155271026382508e+01 1.950515508660483066e+00 -3.886566021473707622e+01 -2.102193904791785073e+01 8.140497676096337898e+00 2.854700769589387477e+01 -2.661276234172014199e+01 5.429888340244767519e+00 -5.367764750857753064e+00 1.560460049408124128e+01 -1.252537368505689308e+01 -1.534072916569664002e+01 2.637402999505900070e+00
1.908008116377038021e+01 -3.151982357675132906e+00 -4.653206395573563015e+01 -2.776016986657418428e+01 1.404884427517893997e+01 3.587622148698292079e+01 -1.779636521369942059e+01 9.464389337403158464e+00 -6.711306928294614726e-01 1.373607137797847066e+01 -2.003243170461843192e+01 -1.338646651493021267e+01 1.039196987185097321e+01
1.913730904357239737e+01 -7.568150088495023020e+00 -5.133074271428125002e+01 -3.138050928070822110e+01 2.126626847025145750e+01 4.930775201882672576e+01 -8.393285703082181470e+00 9.130552258691803758e+00 -1.331039431990436839e+00 6.912082099668987567e+00 -2.922847755648588475e+01 -1.559092943840039780e+01 1.956712617121274178e+01
1.919705795703324824e+01 5.518093015405282742e+00 -4.137903052034791784e+01 -2.870546923578153198e+01 1.669482166083722774e+01 3.504869257479965228e+01 -2.350159314292967139e+01 -8.792393554058225424e-01 3.651084291716446106e+00 1.632235775394423172e+01 -2.400223162945334821e+01 -1.579493238933309129e+01 1.445421441444002042e+01
1.932343541520835828e+01 4.292108164265233228e+00 -3.963274207809606509e+01 -2.812030324658464409e+01 1.902778872708661595e+01 2.598827943767377846e+01 -2.605518478875024613e+01 -5.628492651958207027e+00 7.757314932531128804e+00 1.960365757592774116e+01 -2.290627013831902659e+01 -1.584067090860132332e+01 7.046905637470453065e+00
1.936449019637445090e+01 -1.632554917576988007e+00 -4.647383995202553564e+01 -3.349575438526945703e+01 2.021379949833869105e+01 2.605688631480800410e+01 -2.301231815710552553e+01 -3.932345664629696147e-01 1.011060638919991383e+01 1.305852676649427657e+01 -1.815103621194231920e+01 -1.539967422883599824e+01 6.193560914277820295e+00
1.940179826376168748e+01 -4.263999095896121361e+00 -5.493865704736683853e+01 -3.795539613744458762e+01 2.941145584900843701e+01 3.640922080289238494e+01 -9.594887727878118611e+00 1.398464769769726068e+01 1.538845150293811592e+01 7.823046591001053152e+00 -1.573082590149476268e+01 -1.178174733257641194e+01 5.606458728533327829e+00
1.936856620075668545e+01 3.713008800856278380e-01 -5.131659462455802867e+01 -3.550479067104519260e+01 3.036941008016054866e+01 2.972219404529204922e+01 -1.551517676281441283e+01 6.761559024691355724e+00 4.183605758976582933e+00 3.498755034030149869e+00 -2.050339589850880273e+01 -1.177404771082843915e+01 6.003938281790766496e+00
1.926940345892089468e+01 4.104316787190379401e+00 -4.617239107997867364e+01 -2.873682503804623067e+01 2.676065932701326489e+01 1.905320436359083658e+01 -2.071232235952544798e+01 3.925491936056058506e+00 8.650583040027777670e+00 6.686143199192996711e+00 -1.481863325835535150e+01 -1.113551270502897061e+01 -2.759975456828433149e+00
1.909358478729724240e+01 -1.378167656211028103e+00 -5.202164888378136709e+01 -3.398083903262404704e+01 2.110088744928246740e+01 1.292980725500107475e+01 -2.255686690576276021e+01 2.461366891468888873e+00 1.350434829665737979e+01 3.250476492055550892e+00 -1.130946663164779409e+01 -1.300447918833940619e+01 -5.897696833708867992e+00
1.892719315001843228e+01 -1.864465171815271605e+00 -5.231823074798857220e+01 -3.010372639594192279e+01 2.199727872535713047e+01 1.647782968127155101e+01 -1.331901715905375738e+01 4.560805657258080181e+00 8.839724124267377192e+00 6.756301764447024460e+00 -1.105788975794545692e+01 -1.144224913494754503e+01 5.292095759036392622e-01
1.881608934469623406e+01 -9.363866144417223314e-01 -5.631086302606380656e+01 -2.735088061278569072e+01 3.536435203293038398e+01 2.793817544488898008e+01 3.101037457561689248e+00 1.606933688099811874e+01 8.972457701460637480e+00 1.974602557348010157e+00 -1.379884938250440030e+01 -1.373394670128541861e+01 8.674023630849302113e-02
1.870137022846814645e+01 4.257419675509035883e+00 -5.144663332139778333e+01 -3.052473632474432108e+01 3.132993139044345909e+01 1.920152134702218305e+01 -7.196691228110297267e+00 8.990997977287065623e+00 7.662106832647817001e+00 3.421742995766232198e+00 -1.035299617343423328e+01 -7.312899552632114109e+00 -1.067658885815287562e+00
1.858280038780569754e+01 1.025376519944213749e+00 -5.159808111435885536e+01 -2.982559238164662219e+01 1.893398128469488384e+01 1.225872882636688033e+01 -1.119448729934051023e+01 -2.588137250055523864e-01 7.195444328501419129e+00 3.520222304379040157e+00 -8.853615116251214445e+00 -1.707660071225430443e+01 -8.130987861069391087e+00
1.856529665306391763e+01 -1.183428571590279033e+00 -5.040704380213606584e+01 -3.033633934113145258e+01 1.770242390469726956e+01 1.365042218742533464e+01 -4.009880553789587410e+00 2.393792868986627520e-01 9.275508783663102719e+00 1.032146984175414417e+01 -2.685367394789349493e+00 -1.299075096640584981e+01 -7.060092871140340343e+00
1.868131095541475872e+01 5.585543632937381098e+00 -4.883967138886417558e+01 -3.051726094258252076e+01 2.514636339578269641e+01 2.132192402210372606e+01 -3.588947300608224644e+00 5.970705769057056855e+00 1.721989328900444205e+00 1.745742966808317531e+00 5.050880376627951307e+00 -7.766372951167663352e+00 -1.039596050841054797e+01
1.870872256731932382e+01 1.249914695265041675e-01 -5.155166393033668015e+01 -3.292761178113273246e+01 3.370648117861827586e+01 3.545929533278953727e+01 1.157639077414819617e+01 1.234517009330759407e+01 -5.397806321874596414e-01 -4.602639329018888503e+00 3.876063551044530264e+00 -1.207481802085018785e+01 -8.925381482036968350e+00
1.861199933118263061e+01 -9.357332875132295946e-01 -4.927509891994372282e+01 -3.457055085023558405e+01 1.753158725052654532e+01 2.167193827152216912e+01 2.837478485034053421e-01 -4.666930691962952515e+00 2.259239761750941433e+00 6.005915178334555904e+00 -1.571071347877276869e+00 -1.475282435476601250e+01 -1.367544812496470463e+01
1.852640597929186228e+01 -2.041804360522737838e+00 -5.041698896138056085e+01 -3.514529103899555906e+01 1.638987382299155016e+01 1.696476538643135257e+01 -7.950409796621954683e+00 -8.348119628583647867e+00 8.023627159868958358e+00 6.938312255155654640e+00 -5.261373825913756797e+00 -1.665832229206263193e+01 -1.096757067179748013e+01
1.856684990957202430e+01 6.068969193476192459e+00 -4.562886214123475526e+01 -2.995757623562939642e+01 2.437691747193522929e+01 2.043788025582539802e+01 -9.623488524092055130e+00 -8.602202521215446041e+00 7.580444202595027825e+00 8.468838285639712637e+00 -7.261544552702928534e+00 -9.895900565442017793e+00 -8.035002212185039738e+00
1.859659902098324480e+01 2.132762970424139315e+00 -4.923408505057857809e+01 -3.229378074805751453e+01 3.188616728717144255e+01 3.583341254827602285e+01 5.233474660847851068e-01 -8.156514147953675575e+00 8.456074435039326431e+00 3.387449404980062972e+00 -1.498694248665074014e+01 -1.261260549725880331e+01 5.172570804646361431e+00
1.870419975813067737e+01 -4.023009161475726847e-01 -4.919626165393961514e+01 -3.390849973265003570e+01 2.869394944897812749e+01 3.503020281055789553e+01 -1.999521261861252119e+00 -9.863456351224659358e+00 1.708919620923088090e+01 1.243496428941481113e+01 -1.452125760196598669e+01 -8.165784872249199466e+00 9.882396955063812882e+00
1.877983221601853714e+01 4.804621251827186357e-01 -4.741284730114446688e+01 -3.448090365070069652e+01 2.550682195950869513e+01 2.591318297547059046e+01 -1.481248004129366436e+01 -1.692184887113884528e+01 1.750678740464453753e+01 1.066538668006759139e+01 -1.196628972555237880e+01 -1.554281438906344803e+01 3.883120461980255733e+00
1.882515381072371952e+01 4.946309977559004700e+00 -4.403071444280324442e+01 -2.717145836458997721e+01 3.092722918114131758e+01 2.344022830729680251e+01 -1.848940145468163720e+01 -1.530713793946629053e+01 1.549369452556190119e+01 1.158206220761542227e+01 -9.060129752261840252e+00 -1.113701587576899676e+01 -3.077200528921284484e+00
1.897089334438069486e+01 4.158538567205909864e+00 -4.946042714681182417e+01 -2.758754376126714902e+01 3.466858301787230801e+01 2.604853884049842705e+01 -1.449030090138341542e+01 -1.440992496527981004e+01 1.274245748299386172e+01 6.018247247569978420e+00 -7.527695948999140185e+00 -4.797779880208400627e+00 -2.032557816211241208e-01
1.907307606836256397e+01 1.387091003997767968e+00 -4.997323879312579464e+01 -2.703955236144017249e+01 3.829730881806203513e+01 3.178658701335479719e+01 -1.057231210183188352e+01 -1.541256388043344039e+01 7.385274596762373633e+00 3.623237450391746606e+00 -1.179017700579514560e+01 -6.453050694851205193e+00 1.776771807301521955e+00
1.897888675372136902e+01 6.005067993677839944e+00 -4.626404419368647325e+01 -2.488573747436004879e+01 3.654728160830217831e+01 2.120806861551058375e+01 -1.686846594496396889e+01 -1.789155368416044922e+01 1.077076685953053214e+01 1.149844936584151256e+01 -6.511672417324815498e+00 -4.155377666491757438e+00 -5.318427999245946225e+00
1.880423734836110938e+01 7.433006283720573037e+00 -4.585142173142990174e+01 -2.384905734862805815e+01 3.721735449776714688e+01 1.968010973905662908e+01 -2.475076070629587477e+01 -1.448055748204364335e+01 1.303231746788698509e+01 7.704190791870427546e+00 -1.973653647657346522e+00 -1.250656121958152900e+00 -1.216997031070933311e+01
1.873225615774403607e+01 3.791082530029637798e+00 -4.716457769778929787e+01 -2.437719375821784951e+01 3.676450860251956954e+01 2.058337722741716647e+01 -1.482575496270734661e+01 -1.506742619719187637e+01 7.695902645233841710e+00 4.114313592996214908e+00 -2.794667644182444288e+00 -4.448598088368833636e+00 -7.867550143155384035e+00
1.864685466380964840e+01 3.707485627902289860e+00 -4.624077269922101863e+01 -2.450153272945961547e+01 3.530985763156002832e+01 2.228423723948549906e+01 -1.269422980283689562e+01 -1.456407884035281697e+01 3.556240367832306681e+00 3.164343184386318786e+00 2.817770197389378062e+00 -7.009898596751396482e+00 -3.675265958571613201e+00
1.860288096607424535e+01 7.705456517922631754e+00 -4.310334106901267148e+01 -2.484248140310612030e+01 3.576109161393008407e+01 1.990531626753605110e+01 -1.705970424572084099e+01 -1.238776454854672515e+01 4.704489494821077145e+00 6.824944663082271212e+00 4.282679245655920397e+00 -1.676179261869129355e+00 -1.620225746550276824e+01
1.868168910108862235e+01 8.835205757481363165e+00 -4.115802669948957515e+01 -2.596079497014274295e+01 3.328471949639541094e+01 2.001770979060757583e+01 -1.941486336282089553e+01 -1.490316524293437439e+01 3.899691747460093172e+00 6.781680633927070545e+00 1.113324136562284572e+01 -3.215892948690839859e+00 -1.680039367759611224e+01
1.861426966230993330e+01 9.347185487748111754e+00 -4.220585333493775693e+01 -2.785316654680461212e+01 3.115742052671005524e+01 1.886741754757746037e+01 -8.536519635280576779e+00 -1.574902429343043053e+01 -5.921241848557195375e+00 3.810293866362803428e+00 6.376649901745242488e+00 -6.856343224644588119e+00 -1.598629303649781619e+01
1.850704919479196420e+01 9.387727386537028096e+00 -4.136409814364490956e+01 -3.202943327403922780e+01 3.223800082503670694e+01 2.190817259327585020e+01 -2.965672461128620263e+00 -1.194789505438766675e+01 -9.078284216054802513e+00 2.472342654400135675e+00 9.231430343514714920e+00 -5.907052798589415232e+00 -1.362000806745480830e+01
1.827994972336647095e+01 1.213936479003164415e+01 -3.471869760516577941e+01 -3.476979815420972386e+01 2.868841459985518938e+01 2.120048547455263588e+01 -7.418203256687841751e+00 -7.190742780755011943e+00 -6.704540889345668830e+00 4.936134775979132527e+00 1.698131596924152475e+01 -5.141320370350316082e+00 -2.496414492475118507e+01
1.822211907993693458e+01 1.267051718010303496e+01 -3.422296654142809302e+01 -3.161253989371988382e+01 2.610877927198049875e+01 2.036632154447064380e+01 -8.409625819239922251e+00 -1.023888566170009540e+01 -2.022814460445750750e+00 5.672187546274789938e+00 1.583678311784116488e+01 -1.263297936258986809e+01 -1.954011722790602334e+01
1.823738761092707961e+01 1.122553143361938410e+01 -3.999521949579080626e+01 -3.904346573492679795e+01 3.030243288513782574e+01 2.157664863105868136e+01 -8.215386654692265367e+00 -1.033025470350736974e+01 -4.403367469907953691e+00 2.348809434976753430e+00 1.865572869367057240e+00 -1.243526287890124493e+01 -9.709738781511243033e+00
1.826190927707908074e+01 4.113199151541414800e+00 -4.595762529210053771e+01 -3.949432447267111002e+01 3.473455173342380675e+01 3.844618824866134332e+01 -5.682637247210364784e+00 -8.353603687520624987e+00 -2.073143554667951971e+00 -1.031298657120647633e+01 -9.914217957649633206e+00 -9.446663780241619790e+00 -3.078874025688645766e+00
1.822941188056798012e+01 1.222382844068243379e+01 -3.768986041205458548e+01 -3.809283436305418036e+01 2.870140349807197566e+01 2.836549387844223702e+01 -1.208660045381537174e+01 -1.171141968748207240e+01 1.393244874046613901e+01 3.810807517516040299e+00 -5.910594307398816305e+00 -1.020703291923134159e+01 -3.830026942918991484e+00
1.801602400710421037e+01 1.568696277634393077e+01 -3.348024623004617695e+01 -3.653178571005128816e+01 2.757557487588853817e+01 2.339499471780486317e+01 -1.595471064450284082e+01 -1.452755858751369011e+01 1.764106953504192887e+01 1.019636434687345705e+01 -1.018523298264600641e+01 -1.617034887443262647e+01 -1.428528562151948067e-01
1.801387133896921355e+01 1.241301215237470856e+01 -3.682127380568208252e+01 -3.977222416172812558e+01 2.584935195343025427e+01 2.863869975058824480e+01 -1.569846424870983626e+01 -1.240839716647103863e+01 1.689878994711594373e+01 6.491994457397918694e+00 -1.641082880323164517e+01 -1.412539919971401758e+01 5.126554109535748083e+00
1.800328389246710259e+01 1.682708363082190850e+00 -4.909304298723985482e+01 -4.902648809522717244e+01 3.248671441383694258e+01 3.689617792759090520e+01 -4.525952353150639595e+00 -1.787452212968486664e+00 1.228438120710446668e+01 -4.242101354481235376e+00 -2.413147804260348650e+01 -1.346276002509545577e+01 5.016273233033924583e+00
1.806192858485033170e+01 8.501477367752453773e+00 -4.409696834906171148e+01 -4.551596661801341526e+01 3.070646689334249402e+01 2.876743384771851453e+01 -1.303994899850660083e+01 -3.187100554290911436e+00 1.323285477123772935e+01 -5.176160639633896388e+00 -1.967342094939481356e+01 -1.200674948672436315e+01 -2.510656388223301949e+00
1.813743841245866051e+01 1.608357623722488583e+01 -3.587907357349043025e+01 -3.801775784355422161e+01 3.043244847984623291e+01 1.913040454711928362e+01 -1.748132424083855696e+01 -5.920252231848002644e+00 1.501319569992827496e+01 6.866944427526111561e+00 -1.105280712809761745e+01 -1.201649983773742747e+01 -2.564974532315060340e+00
1.817564797291268874e+01 1.366682266308219518e+01 -3.755700875721651499e+01 -3.503913824663145959e+01 2.656912464196954815e+01 1.862023332957405586e+01 -1.271107564266495338e+01 -9.681510853769903946e+00 1.537765485044680069e+01 5.123137645788902184e+00 -1.034671764735074362e+01 -1.727850012801974344e+01 -5.716930841200305480e+00
1.819080558676087378e+01 4.376883941388171273e+00 -4.647476187267478309e+01 -4.037990115604603147e+01 2.649281051666526920e+01 3.011683199160286861e+01 3.129918271804109864e+00 1.169525563058397832e+00 1.711535904169006983e+01 3.478364952735729432e+00 -6.753486210307914739e+00 -8.937000734798667523e+00 6.293743671672061835e-01
1.825620115872520088e+01 4.214423802478542314e+00 -5.083744429021309230e+01 -4.933387678203061455e+01 3.445709184128289593e+01 3.477410737490114911e+01 5.493686762394228928e+00 9.406689595883817034e+00 1.683068370837392536e+01 -9.117119158444445759e+00 -1.675405559009976741e+01 -1.413443224604510284e+01 -8.972080067314804452e+00
1.813460121118072621e+01 1.498868143295792521e+01 -3.919623131073955591e+01 -4.162849572852044133e+01 2.485153834807585937e+01 1.618675889232275367e+01 -7.928130081132056084e+00 -6.170674408437067271e+00 7.354920248859365017e+00 -1.732562224656126526e+00 -7.260571544980480851e+00 -1.557177202629684842e+01 -5.654088160792776208e+00
1.803849805644261295e+01 1.321714955723303930e+01 -3.372328997857139399e+01 -3.281640043945274243e+01 1.774152002045824617e+01 1.579886990854139661e+01 -7.263333828752846166e+00 -7.048536159132154921e+00 6.589228712365208018e+00 8.462692281293088925e+00 -7.284382535616963139e+00 -1.843175353487982449e+01 -8.586472278485883791e+00
1.795343860021069560e+01 4.242238163066031298e+00 -4.116407661755697234e+01 -3.925363835779917565e+01 1.379764014166387298e+01 1.646482128041502335e+01 1.057981333907676458e+00 -3.088756575473771360e+00 4.486416020331289722e+00 1.542380900753159145e-01 -5.893906015209661398e+00 -1.682806397190510950e+01 -1.364261318396677858e+01
1.799723453672452322e+01 1.214391209052171794e+00 -4.659277205046423376e+01 -4.627373210760191569e+01 2.066560675512156209e+01 3.376733893400069775e+01 2.353605027451197529e+01 1.619948591627241186e+01 1.024487848112477018e+01 2.529920218229298801e+00 4.386270384598727645e+00 -1.136462523357825205e+01 -1.693730138824835763e+01
1.804445049292077030e+01 1.042690102020580056e+01 -3.419379432754158188e+01 -4.340222384298045455e+01 1.169171795439032202e+01 2.491717873991797916e+01 1.859460948245992284e+01 -2.032316392858015686e+00 -1.276446716477851595e+01 1.958723254532045877e+00 7.326482280400973046e+00 -1.298614085676196339e+01 -2.295252755946151169e+01
1.802755037993263088e+01 1.386693466150151899e+01 -3.013904259496633387e+01 -3.603925418562786120e+01 6.914228737926308099e+00 1.547409468127092325e+01 6.097249687788707462e+00 -1.053690120941637964e+01 -7.979143702267213811e+00 5.708884564208702272e+00 4.356185752214369877e+00 -1.552707553455310574e+01 -2.352775232523624638e+01
1.808052148946822513e+01 6.103177553897534580e+00 -3.592656884667917438e+01 -3.473404635023804587e+01 7.763384986497944951e+00 1.828600884231880030e+01 2.616838242130019143e+00 -7.735500289198608215e+00 3.262496429995763503e+00 5.407501503314501079e+00 -1.513864243826818612e+00 -2.046288801648755040e+01 -1.476054121125341112e+01
1.801957825064771157e+01 2.299916889520200236e+00 -4.299223451493944026e+01 -4.406722985206994281e+01 1.016050387532248500e+01 2.274932850878494506e+01 6.702347822546546929e+00 -3.300257069915655261e+00 1.048523016569714095e+01 6.655095842357237501e+00 -5.970992867827592754e+00 -1.595061285893144998e+01 -6.958291332081885550e+00
1.791151346510717701e+01 7.555629109686211820e+00 -4.201964570097532459e+01 -4.844849521720653485e+01 2.039087559186079446e+01 3.513944142366155887e+01 8.608037525054289318e+00 5.906565289545667063e+00 1.511578884746649365e+01 8.303538063410604408e+00 -9.606689494354183623e+00 -1.554752819570710898e+01 5.446068811526948439e-01
1.781299196328151524e+01 1.494240391298425585e+01 -3.403834964264009244e+01 -4.415589359999113128e+01 1.909206735806424149e+01 2.441589285621125072e+01 -6.668922919464219667e+00 -3.552740271103993930e+00 1.424422968372938492e+01 2.424108531839776592e+00 -1.221834472536660421e+01 -1.671225161782277979e+01 -2.213776678185516378e+00
1.773489261523405247e+01 1.013811150773546466e+01 -3.282634624074565721e+01 -3.713199352910095996e+01 1.293778219029253940e+01 1.562903569326143405e+01 -5.837661841405259011e+00 -7.619821583942164800e+00 1.677368230948030003e+01 8.391788503121064835e+00 -1.613522865568450015e+01 -2.037286149383511713e+01 -2.431098104032111795e+00
1.766513703855774509e+01 1.153081611533197659e+00 -4.410616704785711306e+01 -4.463892665488975098e+01 2.452641619165639941e+00 1.532777936106331396e+01 -7.273153090805305254e+00 -8.209676799768470090e+00 1.719076193026860011e+01 5.897653910173707992e+00 -1.877716678255417548e+01 -1.746307699790703793e+01 3.474228198343776164e-01
1.765472557842825196e+01 9.113043269820298775e+00 -3.872456350987318530e+01 -4.984572766287376311e+01 1.412229010310423760e+01 2.674783977359454923e+01 -2.909614779760653747e+00 -7.196783218759174261e+00 1.438787654430554319e+01 7.710742700298274244e+00 -2.378250912139342788e+01 -1.895443064549004930e+01 4.958862394973903243e+00
1.767715897275649795e+01 1.330435585365455076e+01 -3.687581071290990309e+01 -4.753373669601237594e+01 2.525115632495720064e+01 3.410040915994522237e+01 2.759261119463959577e+00 2.377885083393057375e+00 2.147977456417002173e+01 6.597107709480119375e+00 -1.873778149740504873e+01 -1.422050734141364714e+01 4.125897269096537201e+00
1.754621586641542308e+01 1.040335884558800927e+01 -3.399414476216989556e+01 -3.678994028556178364e+01 1.510641035556969669e+01 2.100445296030732223e+01 -4.639361813140715718e+00 -3.632598126981970932e+00 1.796923634538360659e+01 5.678463235798865583e+00 -1.394452563734750328e+01 -1.550589999559295684e+01 9.522689754373204751e-01
1.743538621464338689e+01 -1.067540885245073179e+00 -4.433185378088161599e+01 -4.550219896444452417e+01 5.702545490988042420e-01 8.140054070519454399e+00 -1.291531446277299011e+01 -8.272434182922724588e+00 1.142123565574577881e+01 5.403382180598258699e+00 -2.101527469078669697e+01 -2.421054468455239572e+01 -3.937019308168885345e+00
1.740045256877955282e+01 8.871801786482061303e+00 -3.615461809432777329e+01 -4.168253668590737249e+01 1.263630746929274729e+01 1.744667412005130913e+01 -5.413529019485233462e+00 -7.078647823928831073e+00 1.270268442531440378e+01 4.404211424440103606e+00 -1.808590168611892679e+01 -1.946639591803149472e+01 -3.170539231350018028e+00
1.735231910781770637e+01 8.065019450471687890e+00 -4.048800199422635160e+01 -5.120452659110585358e+01 2.205388820439128494e+01 2.989437820502958942e+01 -2.086955695983202033e-02 8.866303877461973570e+00 1.649635240410175285e+01 -9.886797779061633484e-01 -1.356281264348567817e+01 -1.341142959257109624e+01 -4.078430422712689740e+00
1.732312414683921631e+01 1.142056890673299741e+01 -3.368110640369708619e+01 -3.861666025279891556e+01 1.879322366200934979e+01 2.624893327768172924e+01 3.930910226351845616e+00 9.783944619082629579e-02 1.527914381338765359e+01 4.789505126774239230e+00 -1.086284330938365628e+01 -1.496782454067034962e+01 -1.616035360849793212e-01
1.726440728561355087e+01 1.956527746538925028e+00 -4.031955613731786769e+01 -4.016078691770385234e+01 4.609501102724678390e+00 1.620224118314528283e+01 1.362955877260862758e+00 -5.352787799089350429e+00 1.468723611880536239e+01 9.535189497939164482e+00 -1.078360780357801119e+01 -1.743294525608975931e+01 -3.642778536585048688e+00
1.712750690140250143e+01 6.521462181051724372e+00 -3.191240993479854637e+01 -3.595452472436377178e+01 7.005272271299626041e+00 1.554499645909061911e+01 -8.962242581992821977e-01 -4.673335586271893050e+00 9.234433432208341230e+00 6.339521547296302018e+00 -9.546518614140575565e+00 -1.708325435375409285e+01 -9.428505411575974549e+00
1.717430720610670747e+01 9.394342791584850971e+00 -3.178727174615572793e+01 -4.542762105769084968e+01 1.035570533327728171e+01 1.971195212572849798e+01 4.502304170586182153e+00 -3.769688545170095662e+00 8.727731004258705225e-03 -7.774582837893487808e-01 -5.470535940109304995e+00 -1.642600640355168551e+01 -1.605365527537542647e+01
1.725736773208005204e+01 2.469287876544791427e+00 -3.571457853976539099e+01 -4.897799608856457354e+01 7.352334273541583975e+00 3.311191251771536770e+01 2.713210446158677769e+01 4.813692371776783219e+00 1.328256484932164860e-01 9.546037691759678978e+00 5.400845400994174206e+00 -1.579290787362611326e+01 -1.651286970292709100e+01
1.725464085037817696e+01 1.164982793020896024e+00 -3.525943533798378837e+01 -4.227237051813010993e+01 2.760675347877593833e+00 2.460307931691163930e+01 1.936372550411605076e+01 1.185220702532513160e-01 -5.777586689745791482e+00 1.007833729490406149e+01 5.247450177714728881e+00 -1.677014497525556180e+01 -1.701666414896605417e+01
1.727697995494847305e+01 4.570535176811682199e+00 -3.174417310087951449e+01 -3.663802420695815698e+01 5.314630908846527113e+00 1.981749188149299812e+01 7.488292720154909432e+00 -5.281625236888618069e+00 5.044540181701988146e+00 8.946764422953277673e+00 1.853321356199978842e+00 -1.789621342827506822e+01 -1.515722152604002204e+01
1.721116534615321925e+01 1.163374350672616941e+01 -2.746436000981329784e+01 -3.892809660492576285e+01 1.162503597350252349e+01 1.961450316368397040e+01 -1.223356675024709128e+00 -1.090562355449773513e+01 5.713978995496302282e+00 7.694761991997641104e+00 -4.412826901548427827e+00 -1.675670467601256775e+01 -1.140550586508804543e+01
1.708625574791338053e+01 7.706711789716292671e+00 -3.364008601461628700e+01 -4.939495270169827279e+01 1.837207319496615554e+01 3.061129371560715740e+01 3.658503466708053153e+00 -7.663635000638044481e+00 6.277122372658283211e+00 3.576520030543698603e+00 -1.353929989785480714e+01 -1.914408448953195574e+01 -1.628996479799370567e+00
1.707422662105141242e+01 4.713914373339380126e-01 -4.250811992525785143e+01 -5.175486358273417409e+01 1.476398210943291822e+01 3.159587206450508035e+01 2.347004843737217072e+00 -3.410003617589712821e+00 1.354672709178021961e+01 5.426463203779639421e+00 -1.319230221942837211e+01 -1.658652111059178935e+01 2.634203776642717987e+00
1.717565641908154461e+01 1.024523274368393189e+00 -4.001111906729336454e+01 -4.162379680196595189e+01 1.424236060674423143e+01 2.327129162292489539e+01 -2.017728923631130211e+00 -6.979511267863569124e+00 9.510881208371007034e+00 6.409584933122433270e+00 -1.320016360225907981e+01 -1.873175681129070114e+01 -3.309759597427055056e+00
1.728277285131806451e+01 9.934626043418907315e+00 -2.981609536481412448e+01 -3.600976614480125448e+01 1.901531337114044362e+01 2.202074813123615016e+01 -6.787345053664059158e+00 -1.533631602709160013e+01 1.189421181364396318e+01 1.258211769033278316e+01 -1.123255495217383348e+01 -1.705880129513757737e+01 -2.828643753475198253e+00
1.727113352584932215e+01 1.137016172619230936e+01 -3.164795340397659729e+01 -4.281878285966666908e+01 2.136607156040752997e+01 2.793886949688887000e+01 -9.325944157217143982e+00 -1.469095197668663033e+01 8.250313241177723356e+00 1.201297700921327660e+01 -1.327113493219654927e+01 -1.810115244428571302e+01 3.757760007838750749e+00
1.715739792494484561e+01 6.061143419950400929e-02 -4.153367897823469690e+01 -4.701712066101993770e+01 2.924739046584270952e+01 4.341271795584331272e+01 5.679472492802233319e+00 -9.566437793546862522e+00 1.010956385998398943e+01 4.521545920705405952e-01 -2.261529349425368807e+01 -1.709067963992243477e+01 4.246859987308168272e+00
1.710689889938822716e+01 4.118740216777462826e-01 -4.093390823937597389e+01 -4.399756781560898133e+01 2.103425567532203644e+01 3.013039545292575738e+01 -7.243075442093187988e+00 -1.507296682589348968e+01 6.942244842967134844e+00 1.848514820352105570e+00 -1.270852298124121305e+01 -1.360435436644513096e+01 9.951436756102760572e-01
1.705346239008380138e+01 8.023503418776526175e+00 -3.155324743776860785e+01 -3.646678670940945466e+01 2.498897797193022186e+01 2.730785311793750125e+01 -1.153020844718665217e+01 -1.712440998353669031e+01 9.430474495409539415e+00 1.455867631652842498e+01 -8.300808114846443431e+00 -1.545084606863918175e+01 -4.703916121116471061e+00
1.703274967870352796e+01 8.427086927263209404e+00 -2.910793235901932974e+01 -3.705777291994030520e+01 2.378264644449133414e+01 3.098788837615175495e+01 -1.695006374512414737e+01 -2.093029875133394313e+01 1.410247137039753262e+01 1.267673595322798263e+01 -2.368922066283819738e+00 -9.186932244931016456e+00 -4.742198896451682799e+00
1.700549302135044272e+01 4.953838524239776220e+00 -3.371169194008344050e+01 -3.892843931974042704e+01 2.898284857448794938e+01 3.350131135399229265e+01 -9.741300963518897404e+00 -1.924663248902186652e+01 2.425294328615998474e+00 6.001736236603783858e+00 -6.470314564943155489e+00 -1.523339356912099163e+01 -2.379703769111108258e+00
1.687071882007266055e+01 4.159889165964222535e+00 -3.284665433868243412e+01 -4.060031567817618736e+01 3.156678827361180240e+01 3.029795773063278119e+01 -1.079051093569858111e+01 -2.119357067027235431e+01 -9.712649249446406730e-01 8.340311233502900379e+00 -5.114973151196829271e+00 -5.922289749378745860e+00 -3.543347628218585843e+00
1.676766227377088114e+01 3.536686545785891145e+00 -3.009930381432264923e+01 -3.785619381722978716e+01 2.533266143884146615e+01 2.744424445342909991e+01 -1.776455119516541004e+01 -2.849588810927819083e+01 2.639138548476713808e+00 1.053972404889571557e+01 4.040526789130790775e+00 -1.348547625454203214e+01 -1.102224147699021728e+01
