1.871570024913836505e+01 -1.126418637715819848e+01 -4.252401496674819015e+01 4.348379571190782400e+01 -7.748758535415878335e+00 -3.247569761473599215e+01 3.058069630775216297e+01 -1.631705110150039317e+01 -3.966665595382897980e+00 1.680956652051353117e+01 -2.252360984259476595e+01 8.789011121815679672e+00 6.134096056844914990e+00
1.932737741783937935e+01 -1.674240513477656478e+01 -4.078085140004336040e+01 3.616337709121872024e+01 2.743743897863762715e+00 -2.511797653893881233e+01 1.339894977116593111e+01 -3.373630582266307076e+00 -3.995376393436694151e+00 8.168181447684592200e+00 -1.315054625541288402e+01 -8.204154153661289417e-01 7.116105525724340630e+00
1.990550529160112347e+01 -4.898623637816967857e+00 -5.369929675403972169e+01 4.717096191288562324e+01 -4.695788596408661419e+00 -1.793300377328437634e+01 5.060320020287021769e+00 -9.278512601412401750e+00 -2.760927804358986659e+00 2.164615310885843869e+01 -2.093575000902740157e+01 3.417065782006301511e+00 6.454922600691904933e+00
1.844782423166411434e+01 -1.334635429400826645e+01 -5.336516520226016524e+01 2.823871014825272496e+01 9.783465739952896811e+00 -2.354756923182930350e+01 1.045109494598161071e+01 -1.443668002819962126e+01 -3.361109264493826743e+00 1.433777642347716963e+01 -2.097177344229357843e+01 -5.717415304885464344e+00 6.681127581743107946e+00
1.784057067722357814e+01 -1.245302615632778398e+01 -5.457131563758890280e+01 2.209810107616419472e+01 7.106979638866025795e+00 -2.242614120328174110e+01 -8.412129488610407435e+00 -2.314116070422783977e+01 -3.980254861448756509e-01 1.216395310764688631e+01 -1.318101313825509813e+01 4.840116508222415348e+00 1.574272342532171720e+01
1.683460141813898758e+01 6.134572855302205419e+00 -6.607922274546308472e+01 2.805557328895732994e+01 7.711235725629538962e+00 -2.766592154323255315e+01 6.227199985927485137e+00 -2.500345099167914142e+01 -2.294145917143014246e-01 2.853631983790490168e+01 -1.644335990960400906e+01 1.105925697124463802e+01 1.546257381178130963e+01
1.528625856758769075e+01 1.239802572031272554e+01 -3.208535530970414840e+01 3.489228489744473904e+01 2.380914801272400183e+01 -1.311385144103722133e+01 -1.142568013329972665e+01 -3.064620426592016855e+01 -1.037535124527652464e+01 8.383870097143299560e+00 -2.136554245076649394e+01 -1.196111768455210012e+01 7.314657324274663530e+00
1.765439174421625168e+01 2.158188563628616663e+01 -2.421679263240622504e+01 1.637964094613056787e+01 2.517479025413796734e+01 -1.938890606552473628e+01 -3.122428429207579015e+01 -3.203807019058476158e+01 -1.276793199695892334e+01 -1.249863479069690309e+00 -2.735221298401710044e+01 -2.948819814839904296e+01 -9.188477094923868549e+00
1.901969277612837672e+01 6.224235101085340283e+00 -4.625827773886916106e+01 5.919385784502707359e+00 2.389806531325833916e+01 -3.021472171298579568e+01 -3.967140587747664426e+01 -3.608358655336272847e+01 -3.424985094819440690e+01 -2.771359644797664146e+01 -4.507660978753740721e+01 -4.896773989765335244e+01 -2.168386468774817999e+01
1.871329060100190134e+01 3.210457759449869553e+00 -3.704736211622439157e+01 6.197199718201292562e+00 2.337015197752013762e+01 -1.992953812847494532e+01 -3.407649595397787579e+01 -3.318739517676080197e+01 -3.209860454575001398e+01 -2.457146621082302929e+01 -3.694349603213383659e+01 -4.802521900282940237e+01 -2.744718072338890025e+01
1.869302433567994726e+01 2.907511520594701082e+01 -5.126610321416628580e+01 2.671578443741255882e+01 2.635907658688452671e+01 -1.179024994944297156e+01 -1.580171509674218200e+01 -3.341572950914025597e+01 -2.027654042690890179e+01 -3.027135744403240736e+00 -4.028914167948421010e+01 -3.709537402674293105e+01 -1.752834748853432245e+01
1.841242096159103880e+01 3.933412487157421111e+01 -5.685395647600635272e+01 2.399140937046235322e+01 2.360891075466886591e+01 -2.529230903790323381e+01 -8.050579083701127348e-02 -5.977811444984799039e+01 -1.055231974849150767e+01 3.952092012794174547e+00 -5.439241898115762552e+01 -3.150008655946817271e+01 -2.388402738134599446e+01
1.707669062067052934e+01 2.623945551265408227e+01 -3.426653333888688735e+01 2.853045002978385725e+01 1.044375100258724132e+01 -2.422972651104596054e+01 -1.602847729301837987e+01 -5.133295045463204076e+01 -2.549847910667014617e+01 7.972791173892239236e+00 -2.973328228044570309e+01 -3.216831359323633421e+01 -1.442748593796612511e+01
1.731483522727651447e+01 1.696201629985268511e+01 -3.277339251668946218e+01 5.857470066592624391e+01 2.897329081943593287e+00 -1.674813760667817064e+01 2.000790182022879549e+01 -6.113124113456561304e+01 -2.076817507625489867e+01 1.417642976127494236e+01 -4.036338732276378494e+01 -1.220696006832058877e+01 -9.995694477068234107e+00
1.756471242240706587e+01 -9.478555928483055837e+00 -3.127032187384842743e+01 3.640078257958614216e+01 -7.124293288869378848e+00 -1.308615617029835931e+01 9.487384298862938437e+00 -5.319206372608455524e+01 -2.370841547003276162e+01 5.759067547832299461e+00 -2.332963732195353046e+01 -3.065321922833153856e+00 -6.608725024943239212e+00
1.739856073668422809e+01 7.579713091943267145e+00 -6.857299335251029504e+01 5.359794660518484477e+01 -1.641764603281666979e+01 -2.332131972227900718e+01 4.005258793935985295e+01 -6.282454416154464383e+01 -1.714187182507903273e+01 -4.867017157711244657e+00 -4.993948868774792516e+01 2.402941238702972715e+00 -2.720706051214667198e+01
1.728604785756285978e+01 2.807680245536287256e+00 -5.808969565694642512e+01 4.616579286366632573e+01 -2.324957547971613536e+01 -7.432248745953784486e+00 3.265391964121063495e+01 -3.506880408254356496e+01 -1.050445228090578453e+01 1.093178297422046619e+01 -4.302060178680680735e+01 -1.334184780769509970e+01 -1.007925200966709234e+01
1.700214784451639005e+01 -9.952141881239366938e+00 -4.533813143313229688e+01 1.628940627784712447e+01 -4.602933031714605328e+00 -1.128198384477788707e+01 2.314311240237132239e+01 -3.206757776836105478e+01 -5.632848600428195240e+00 2.232236904613169415e+01 -2.742010453185118024e+01 -6.446913447746784875e+00 -3.053252579441881664e+00
1.659768632256485432e+01 -1.612664642327128206e+01 -5.842481841086465266e+01 1.236262874388523514e+01 -3.962381403686360493e+00 -1.078511264580661155e+01 9.950698865787002134e+00 -3.222493595444056780e+01 -8.924620518435737893e+00 1.892508414396897365e+01 -7.231240962474391409e+00 5.877039326675964404e+00 1.180996024222698892e+01
1.621628195153230578e+01 -4.655781488357161102e+00 -5.468100129727617542e+01 3.036296750109180209e+00 -1.030795072356815467e+01 -2.185395604802075198e+01 -3.380061221810468197e+00 -4.005086011625846965e+01 -1.188055001670680610e+01 1.094193908695594075e+01 -2.400699330208833615e+01 -8.443378150247738745e+00 -6.251862274891663240e+00
1.501899716942190643e+01 1.893962758101725763e+00 -4.861752703996553748e+01 3.171360688413291218e+00 -7.061329850106797146e+00 -2.217449691814239188e+01 -4.628788721103125781e+00 -4.196762016628687775e+01 -1.686982661129177075e+01 1.800285996320817716e+01 -8.069814841519587389e+00 2.678219583049302521e+00 1.502005952237681852e+00
1.593858642035481310e+01 3.138404277999248748e+01 -1.933379198217380690e+01 2.196104357888522784e+01 1.116670180237679944e+01 -2.284554167617581655e+01 -3.346757979426105756e+00 -4.401984444537081487e+01 -2.725966522936462866e+01 2.031028030786947269e+01 -1.462295805857442588e+01 -8.165913078299832151e+00 3.831949300285655724e+00
1.747909081644965923e+01 3.640112274699154682e+01 -3.347303011623332480e+01 2.285009654610016838e+01 4.221829663450571424e+00 -4.170995211021424609e+01 -1.088944253063428391e+01 -3.747204257204953848e+01 -2.484180364528112506e+01 2.787497025141674456e+01 2.422414984823552775e+00 -1.535228918500616047e+01 -1.029673201156709794e+01
1.792207386323464746e+01 2.553155168095280203e+01 -2.236229356800939527e+01 5.100731728473483884e+00 -6.995511587923952668e-01 -3.527273465712730882e+01 -1.397169453885194024e+01 -1.655321976099055803e+01 -1.284552541488461763e+01 2.274364280033838526e+01 6.813782764428387040e+00 -1.550172905767390219e+01 -7.078150787435750324e+00
1.820008992880473997e+01 2.889049697161452457e+01 -3.374538215178057499e+01 1.290312842076019351e+01 1.692611004793292406e-01 -3.860405161054607248e+01 -4.246214743023153382e+00 -2.324958519983609762e+01 -1.931964575967267095e+01 3.116481411654359590e+01 2.093171149473045389e+00 -2.306656319310290826e+01 -3.423632756388282239e+00
1.835615036433006964e+01 1.652148250932507167e+01 -2.333214011959527667e+01 7.134935348630787821e+00 -4.913103977741708484e+00 -3.094729256661450734e+01 -9.356324574784474990e+00 -1.641065333291072648e+01 -1.151838642431665960e+01 2.319359142810236563e+01 2.822723781218895667e+00 -2.352543192123966875e+01 -6.560582151255708538e+00
1.835394945220663132e+01 2.346492622070571699e+01 -3.075334189730120471e+01 9.839116291440909379e+00 -2.301106289468269672e+00 -3.523609703845451691e+01 -2.958154666488990614e+00 -1.069385723587885195e+01 -9.976419284173207558e+00 2.451376920575722451e+01 -2.202795935593033771e+00 -2.126403687954062960e+01 -4.126619551816718690e-01
1.800609691853500749e+01 3.473097437735884085e+01 -3.881768309036831965e+01 2.102836962574037472e+01 -8.462415052324924858e+00 -2.802030644711673446e+01 -1.891614559482073021e+00 -7.188586292656017562e+00 -1.367858260739565068e+01 2.369266962854585756e+01 -5.537872245506293700e-02 -1.640820431458681128e+01 -2.355095002944580962e+00
1.738627733554318056e+01 2.768152382068854678e+01 -2.305050651621036195e+01 1.412613737944072589e+01 -8.377336812721215553e-01 -3.199757431269323504e+01 -2.012278555921005463e+00 -1.594336683096375573e+01 -1.887336342713817317e+01 2.146783564158335977e+01 2.385495087460893782e+00 -1.950612887480347268e+01 1.045695994803908624e+00
1.582934395855371257e+01 3.237623686880794338e+01 -3.925571349688319600e+01 2.294859327394829762e+01 -6.035984501114131540e+00 -4.046200552969026631e+01 -1.348846272033728688e+01 -3.479050015347112179e+01 -3.376906865226398224e+01 1.364088103196505664e+01 -5.086856085332668087e+00 -2.245264908311150620e+01 -1.221624006506810822e+01
1.427858820699557540e+01 1.427019219260024840e+01 -1.747669749034409747e+01 1.413665872531367995e+01 -5.583230018016955398e+00 -3.597577434467777380e+01 -1.410242859202588939e+01 -3.150655379930991629e+01 -4.806938499874203785e+01 -1.426788813081386920e+01 -3.966847382056209348e+00 -2.234926817711661329e+01 -1.414617780826907989e+01
1.392888311611692131e+01 2.968689048754960780e+01 -1.451486790213631117e+01 2.254790766780493882e+01 5.960639742357670023e+00 -2.450359600204597044e+01 4.930307498093486451e+00 -2.746727458934670452e+01 -3.089641274614704258e+01 -1.460950409457167254e+00 -2.948779033847769782e+01 -2.524940381074274853e+01 -9.642783834126825937e+00
1.407694482387254098e+01 2.749972487220351880e+01 -8.007793844321591692e+00 2.567745704151669273e+01 1.201898434111531699e+01 -9.382679225364183750e+00 7.869475923687143215e+00 -2.246682151669418914e+01 -1.759890958978434838e+01 1.150998572930950870e+00 -2.715453498400012222e+01 -2.426523496528651691e+01 -1.137968806604505367e+01
1.597429262533810679e+01 2.666792449910842677e+01 -3.390417317582728174e+01 1.539378346008618692e+01 6.062935887993978756e-01 -2.844173303186122581e+01 6.298574753509684321e+00 -4.324824754793174009e+01 -3.897852001191691329e+01 1.448106749961508477e+01 -3.734492626099647605e+00 -2.979775309697133778e+00 -4.277860376975651135e+00
1.764508765682800728e+01 3.627106206501175478e+01 -3.966188712477707412e+01 1.343077481362912051e+00 -2.742893183616069930e+00 -3.557914212674897669e+01 -1.144171231868250516e+01 -3.125933102490469651e+01 -2.029448012989309547e+01 1.415539687563462223e+01 -2.772329517055627246e+00 -9.372444870479975876e+00 -8.007270685181035574e+00
1.776130292784169740e+01 4.273567772465155201e+01 -4.304934831089756386e+01 9.130879552063101201e+00 -1.640850129426381443e+01 -3.355343964493540909e+01 -1.062895302771922523e+01 -3.729628647852271683e+01 -2.328856676690546479e+01 9.120148469972710004e+00 -1.582662183247322041e+01 1.769420489745071823e+00 3.962112199503709409e+00
1.777144204457722765e+01 2.887040540563794622e+01 -2.154790099762321276e+01 -2.163674633266646552e+00 -9.216230056838066176e+00 -2.802267868385411376e+01 -5.225066663889499363e-01 -1.320872128634285581e+01 -1.579563767759668202e+01 7.924342897499953686e+00 -6.254212728286209000e+00 -4.180898326817072075e+00 1.834072154263378884e+00
1.818665676871071923e+01 2.692880785509862918e+01 -1.530830782887480623e+01 -4.388082543319143269e+00 -2.993116771567251089e+00 -1.925832975247432444e+01 -5.086373310519105573e-01 8.106651966849255375e-01 -6.003253464137393358e+00 1.091268712671399399e+01 7.121655987630194140e+00 -5.566049308132850371e+00 -9.124096250718697121e+00
1.828784247738152757e+01 2.744434361485351559e+01 -1.638503711339573243e+01 -9.010141326889550939e+00 4.131333737402817508e-01 -1.760778051848045678e+01 -6.383372081262076669e+00 5.690071791789008238e+00 6.403316033992707546e-01 6.008379623359964228e+00 5.231153257228056574e+00 -5.926383972418152624e+00 -1.214669856201206954e+01
1.825383684592870637e+01 2.364885801115531549e+01 -1.661090768786292315e+01 -1.432433224035287722e+01 -1.380587016308106740e+01 -2.272734713831929909e+01 -6.334702865760423407e+00 -5.458987126361822817e-01 -5.302434193657811434e+00 -2.388932597191774310e+00 -4.198323639830587872e+00 -5.805070442821357979e+00 -8.160016131453895483e+00
1.842481242438884337e+01 4.201294668476383976e+01 -3.866003015014679534e+01 -3.757292333185378475e+00 -2.396983104715734214e+01 -3.976359273347907930e+01 5.652177507159663605e+00 -1.268224284537267321e+00 -1.707202171610471808e+01 -4.226769331086052794e+00 -9.460993432185428986e+00 -1.233659468210429822e+00 -3.817344062911627312e+00
1.852753931296001966e+01 2.001726856780880937e+01 -2.323832389334723914e+01 -1.860371713554561524e+01 -1.596637055759222079e+01 -2.409853922141318705e+01 -6.613948340817115579e+00 6.946662155348368728e-01 -5.693831115359031969e+00 -4.664706305029135081e+00 -3.192130055264589483e+00 -2.223546620801750695e+00 -6.249837887030469830e+00
1.794211293669154017e+01 4.158245926780757173e+01 -4.863082326073996597e+01 -1.467997089551060119e+00 -1.268783629785398759e+01 -4.349377378865528243e+01 -9.890074907909520263e+00 -5.769573058010608602e-01 -6.043060797213510860e+00 -2.180394226638773691e+00 -9.894859394036823019e+00 1.203353344506927414e+01 1.008476999113606887e+01
1.666779214335798898e+01 1.982214980744579336e+01 -1.795248740495234685e+01 -1.086469373073712852e+01 -9.337908263746959037e+00 -3.791950080735848871e+01 -2.589259265605571159e+01 5.536782208888641144e+00 5.814814603460654041e-01 -1.063446398383476499e+01 5.645445885031480593e+00 2.326905700154732770e+01 1.710044278972563347e+01
1.617700622932069265e+01 3.093630308640083015e+01 -1.577513874761322477e+01 1.005473528219046342e+00 -1.781718603936101175e+01 -5.052901403634896127e+01 -5.688609186524942629e+00 1.457725051228726088e+01 -1.307279856806247231e+01 -2.008089315535826813e+01 -4.603643662965542838e+00 1.113639528470671358e+01 3.337220599683253575e+00
1.298142689691517226e+01 2.835458265267870104e+01 -1.632363727767394934e+01 1.217338249392976124e+01 -8.873376157043255219e+00 -4.275507313543104004e+01 4.895954789220049896e+00 2.666362019678894413e+00 -2.264578641427263150e+01 -1.899605363212639730e+01 -2.403685975273773678e+01 1.916805843266147669e+00 1.627743024136339045e+01
1.396838567651506580e+01 3.908623297139725139e+01 -2.253303144716567630e+01 1.030595180533573796e+00 -5.804238294386365737e+00 -4.467950154429604481e+01 -1.319683187336515751e+01 -7.390173157421301431e-01 -1.181016492171805332e+01 -2.293203827875019130e+01 -3.425409644645854002e+01 -1.411655183814935555e+01 8.917847035710876114e+00
9.618037049646977366e+00 1.790163328772188223e+01 -1.074580271180493618e+01 -7.895268166384164843e+00 -7.929076085930407025e+00 -2.141889976150541486e+01 -1.078951393259568903e+00 9.990412801383421026e+00 6.629599995094799247e+00 -9.824804401470888848e+00 -1.473614193807001271e+01 -3.721974223017429306e+00 1.166396715070464651e+01
1.463030656457239687e+01 2.724403401512797984e+01 4.364250792083172570e+00 4.326106126371077387e+00 -3.920590328409853775e+00 -1.707693273366374598e+01 -6.181933029445307426e+00 -2.558478223124621476e+00 -1.957937467545711385e+01 -2.840791681773832522e+01 -2.567154228682971606e+01 -2.094200501844042606e+01 -1.300869170091334404e+01
1.611317220606669309e+01 2.401544360326499472e+01 -7.338422010490481817e+00 2.388005886546172629e+00 2.887223591942846390e+00 -2.534616775693280744e+01 -1.330602944802539689e+01 1.191400894350226558e+01 -7.130910039156754365e+00 -3.462341228688098482e+01 -2.945213922430725617e+01 -1.964818194986944633e+01 -1.459245461859465465e+01
1.688770128941721183e+01 2.726726045544532084e+01 -4.248752401105050147e+00 -4.548895251481548385e+00 -1.149928635975341251e+01 -2.609891898836104929e+01 -1.367482612416301357e+01 -1.072316412241859807e+00 -7.423408219971258326e+00 -2.153282299991088777e+01 -2.551671688449923892e+01 -1.014948902913692663e+01 2.875311408959954296e+00
1.744878020116399497e+01 3.782529560000116220e+01 -6.985048549323860989e+00 -1.223223886902126356e+00 -9.355406382850825153e+00 -2.608063913892566532e+01 3.011472548411445516e+00 1.047443342979849668e+01 3.827937473680595115e+00 1.735565268871317235e+00 -1.064128462439380840e+01 2.335972863588285264e+00 1.269828719001265149e+01
1.745819078434103133e+01 4.667776525371322549e+01 -2.765048835967123608e+01 1.785280897548082502e+00 -1.273597737124901030e+01 -3.363054286024365069e+01 8.270831083465385314e-01 -7.076549667966403945e+00 7.595402679362507348e-01 -3.256638844241547925e+00 -2.097346878390696645e+01 1.760592476483134439e+00 -4.551062201455970069e+00
1.764567934422847983e+01 2.810771593778827082e+01 -9.957962136778942153e+00 -5.409471314738700798e+00 -4.121780537893036112e+00 -1.881230973976055054e+01 -7.964164211953124628e+00 -1.184475834657402471e+00 1.737715397230573888e+00 6.967603061920307539e+00 -2.654532741668288232e+00 -4.144321842237182807e+00 -2.340335427195883167e+00
1.771598797973114259e+01 3.222080571928504611e+01 -1.862326033644265166e+01 -6.372581818054948499e+00 -5.913847390565853956e+00 -2.194423457439487279e+01 -6.718241328929294376e+00 -1.037459521523743255e+01 -9.320389170134204093e+00 5.223131409784065760e+00 -3.960489397099035358e+00 -5.413169929383938594e+00 -9.451042484317706993e+00
1.786568536188615752e+01 4.344562629248927266e+01 -3.921219688784496782e+01 4.098357314826079012e+00 -1.836107849046522800e+00 -3.257405521910625623e+01 -6.765128441949134874e+00 -2.110625790814940572e+01 -1.043445525370727012e+01 1.349820278033578447e+01 -1.305008768862397917e+00 -3.485044173242935361e+00 -2.480212917912292170e+01
1.748236953912028113e+01 2.628166301795408444e+01 -2.675630036956152225e+01 -5.126876002655425424e+00 7.298482279278041274e-01 -2.195545681208432498e+01 -1.133192976478693836e+01 -8.168106615624605382e+00 -4.630450305301298641e+00 2.043016441254172921e+00 -7.208277637977325014e+00 -1.149207711714681679e+01 -1.964313045212285047e+01
1.742537758151510374e+01 3.767415795820063096e+01 -4.268091480237218605e+01 8.717250793710098478e+00 1.339793454415993734e+00 -2.769120625510003819e+01 -1.947389300098450349e+01 -1.971086073864025678e+01 -9.250726393552618276e+00 5.258862310440347798e+00 -1.371153002366364682e+01 -1.688528284356344145e+01 -1.717456199559740782e+01
1.713918660661355275e+01 3.982566569349638286e+01 -3.974634932563379408e+01 1.886279133395393259e+01 2.006359102728599453e+01 -2.818863812730986851e+01 -1.654893730629458304e+01 -2.408548770515027826e+01 -8.810956353474052705e+00 1.770656921198591860e+01 -1.382448961802630372e+01 -1.734153712011704229e+01 -7.662003745840525681e+00
1.702597237598023838e+01 1.625965685000846861e+01 -1.746547097241847268e+01 1.559323831403974125e+01 2.049410283404461453e+01 -1.065879482607347484e+01 -1.829762915336522511e+01 -2.387849264854050446e+01 -8.567047079168228052e+00 1.448979399211844665e+01 -1.192662729288984735e+01 -3.605012193066747272e+01 -1.360549085168022643e+01
1.688951354966426166e+01 2.480541761953880098e+01 -3.928042556104318095e+01 1.635437002379835292e+01 1.395719529934148362e+01 -2.890163822076931410e+01 -1.950890591870692248e+01 -3.714369104579479597e+01 -2.696814217422778626e+01 5.259360665377542432e+00 -3.151164048080712732e+01 -4.283287082443072791e+01 -7.008791590726348275e+00
1.657178817687617567e+01 3.116872916025802454e+01 -3.981802455788131567e+01 2.971097662130380357e+01 1.016743000392285623e+01 -1.088666210754756669e+01 -1.060427380028323974e+01 -3.175682029530736372e+01 -3.151061145860047574e+01 1.329208989213177361e+01 -2.012834673305840738e+01 -3.000397896277158694e+01 -4.672535713677087976e+00
1.666637924615919175e+01 3.256252723386699444e+01 -5.079003638511724716e+01 2.201412819462554893e+01 1.235470256192657246e+01 -4.480314911231060648e+01 -1.487850873321830569e+01 -5.501297868367871047e+01 -3.716673349008900118e+01 1.276779745159832480e+01 -2.576780490249710454e+01 -3.113968546397359916e+01 -1.952402511272709518e+01
1.635890811439241332e+01 1.511056883435065501e+01 -3.935890382637634843e+01 9.891762314677842838e+00 -5.148093016733145788e+00 -4.817458929482806695e+01 -4.066509309925277194e+01 -5.459390431751585027e+01 -4.177111392983281490e+01 -8.446317306872384023e+00 -3.181380004494247160e+01 -4.645698115577077658e+01 -2.905687151752236019e+01
1.626850127196571449e+01 2.718077300147047737e+01 -4.255610833336140075e+01 2.242371264540876297e+01 5.902248646250099817e+00 -3.450775484160891438e+01 -2.181702322681735495e+01 -3.633113157088306622e+01 -3.342654973104409777e+01 7.675843480553394826e+00 -1.862940427638544705e+01 -3.865943974560273944e+01 -2.353539394627114589e+01
1.616569684534949047e+01 1.298277556796693588e+01 -2.507380263243210194e+01 1.058595623553547860e+01 1.787326890720925832e+01 -2.352086392398818759e+01 -3.266655097437409694e+01 -3.931724845885002395e+01 -3.208273352182398952e+01 1.156300278072972976e+00 -1.027853409894924042e+01 -3.635668501850705780e+01 -2.040185268049136269e+01
1.587702662843508072e+01 2.169948257318368334e+01 -3.316711570849002300e+01 2.124008695344783959e+01 1.926561028825636157e+01 -2.864598272869303841e+01 -1.625208105011756388e+01 -3.381374800356523025e+01 -2.220299732688251382e+01 9.061368006739533243e+00 -1.715909451301788380e+01 -2.857728964766748447e+01 -2.510766361074160002e+01
1.578851587032916903e+01 1.620359926518345262e+01 -3.255226421173571083e+01 2.034659440658140284e+01 1.048278438996430850e+01 -1.178544523381671638e+01 -9.672060060682760030e-01 -1.234900757433412899e+01 -1.540323116258879566e+01 -8.713646981364693289e+00 -2.456114457581393040e+01 -2.783373368373466406e+01 -1.893012489881619942e+01
1.673601996652120505e+01 1.924043449190707378e+01 -1.996646803869660758e+01 1.204747801832398046e+01 1.534449215938008493e+01 -2.284725524079460612e+01 -2.163291141836718268e+01 -2.218931283509325780e+01 -2.144878111504407414e+01 -2.565145146281627042e+00 -1.099550961733717536e+01 -2.324029753333926251e+01 -7.432450662318318635e+00
1.717158338179748966e+01 4.242483923843400362e+01 -3.598207439878512304e+01 1.670749301891849825e+01 1.158310862418579568e+01 -2.439663804146032078e+01 -2.302761188916737112e+01 -3.048257918470197936e+01 -2.360473108001093223e+01 8.950400885065398882e+00 7.889714772745233251e-01 -4.948701377149868463e+00 -6.602592773435969065e+00
1.756734393360254032e+01 2.377417116070206760e+01 -1.129030502683563597e+01 7.984089582638227434e+00 9.063205614328751381e+00 -2.254708216582345415e+01 -2.787974516563674499e+01 -2.058807616135111473e+01 -1.098150532225635878e+01 6.661832079726397460e+00 1.349118560683700352e+01 2.557996967614209805e+00 -6.511785803909864612e+00
1.790804517348923497e+01 4.011345467373044471e+01 -2.848726335372106178e+01 7.874801808416276749e+00 7.091873404530511849e+00 -3.301700596358480766e+01 -1.222288404379224858e+01 -2.055747414810944562e+01 -1.943830336662912472e+01 1.039918956325603894e+01 1.053608835072544636e+01 7.024620099574361731e+00 -1.605756792298955737e+00
1.801535609363136814e+01 2.176041838450493415e+01 -1.479032939979246031e+01 -4.924833166713506571e+00 -4.229811228405316648e+00 -2.795920509720915348e+01 -2.218147097443006288e+01 -2.050204480689575348e+01 -2.050346724336962012e+01 4.507337354938027119e+00 1.298865988887426148e+01 -4.186386286690108594e-01 -7.360290274362202290e+00
1.790635633273552330e+01 3.174411764234794475e+01 -1.745028970460248630e+01 -1.750112097679576983e+00 2.544829429107675622e+00 -3.043043630197865212e+01 -9.830885815411946282e+00 -6.665016808851889074e+00 -2.350887059609567586e+01 3.004631899528877437e+00 1.143022394938895303e+01 -2.632445813244327137e+00 5.513870084849853415e-01
1.765536201176191611e+01 3.426887525009512814e+01 -1.723131289028299662e+01 7.471735805656058993e+00 8.477373941916804156e+00 -2.647900130387014173e+01 -1.113101570563620690e+01 -1.400501134492696309e+01 -2.588975194595721518e+01 5.029067839644364213e+00 1.439017289525876109e+01 1.222931409272781433e+00 1.178419333180142692e+00
1.705881219023098438e+01 4.272877548941643511e+01 -3.135943783916011540e+01 1.260790136322712129e+01 9.752808470562548848e+00 -4.574898022246836859e+01 -2.650460191116816411e+00 -2.653292324212928222e+01 -4.190014214705153961e+01 8.574628703637793947e+00 6.515757414549082638e-01 -1.036491540976708592e+01 -1.740468308774884010e+00
1.527306947854295416e+01 2.287585695966153310e+01 -1.014432630297148918e+01 1.495522999928981456e+01 5.221313940030849032e+00 -2.061289814433483869e+01 -5.687613317991674577e+00 -2.188150917053168243e+01 -3.076883688214022428e+01 4.011399650581441989e+00 7.405791646846878074e+00 -1.545987877477735850e+01 -1.943476256923908352e+01
1.400648513470294887e+01 2.142821977800056388e+01 9.457458273980142494e+00 2.187665447138232722e+01 5.926775690488054193e-01 -1.576035726749707422e+01 1.816918564915870338e+00 -1.149091667516833759e+01 -2.455337986402660633e+01 -1.124920664621647326e+01 -1.252557360848410539e+01 -1.096201685492373556e+01 -3.483560304413756636e+00
1.112450175365297333e+01 2.162299296995236375e+01 -3.778529119348700838e-01 2.530503023572349619e+01 1.455395455757757972e+01 -1.299959500436936111e+01 -2.083314955529711909e+00 -2.186418621408193630e+01 -2.226637939506995423e+01 5.673298912589538112e+00 -1.320113455050456963e+01 -6.748406375351630793e+00 1.356533394385609048e+00
9.267595828586712159e+00 9.791132838770787217e+00 -1.988236798724204490e+01 1.219579923609790306e+01 1.630460465787662683e+00 -2.640500607344994677e+01 -2.957452711148131907e+00 -3.192581852324276426e+01 -2.229626396235589070e+01 -2.810210822489239035e+00 -2.769562173255054205e+01 1.053518607002437601e+00 6.675199209845057879e+00
1.519804765626395948e+01 1.125919022735934227e+01 -5.006640734776254931e+01 6.123914113431921713e+00 -2.118566623645394387e+01 -1.795766682752199728e+01 2.061543450674437850e+01 -2.017224399555135150e+01 -1.655373248899417948e+00 9.934470565166863665e+00 -3.386985146852819639e+01 -1.175814651592080651e+01 -2.075738729503597835e+00
1.503506984982733563e+01 2.340591194052920443e+01 -4.437818547954690729e+01 2.479275333996381647e+01 -1.499832258586665290e+01 -1.519755854287242336e+01 1.017406809106279475e+01 -3.365530772844120833e+01 -8.585174540126791598e+00 1.599599934589947203e+01 -1.491718231349709001e+01 -1.991778524418825330e-02 6.460988079352198987e+00
1.686632266176683004e+01 3.843100717446411352e+01 -4.782644310793828879e+01 2.718385411499144055e+01 1.967545860486724862e+00 -2.513340176302839879e+01 -2.314140834405803915e+01 -6.784754048492639811e+01 -1.748274468550207317e+01 4.929353734287646560e+00 -3.675492112857477878e+01 -1.672910826755509461e+01 -1.729288167976777402e+01
1.745551349500605198e+01 1.904462044208988658e+01 -2.235265197204312315e+01 9.965535093567492453e+00 7.334464673446711380e+00 -2.235101358650825532e+01 -3.542927609427949420e+01 -5.814110881324391045e+01 -2.460638294800939008e+01 8.310829503185116707e+00 -1.413708465787932411e+01 -9.655359700529293931e+00 1.505912105428656833e+00
1.797239176954845874e+01 3.825867608028086408e+01 -5.402348299393219833e+01 1.651520942361709032e+01 -1.503523801953978500e+00 -4.091653521355502932e+01 -3.009182031090572806e+01 -7.674966985512654105e+01 -3.847747653026267756e+01 7.221423403274434882e+00 -2.761892866142988012e+01 -1.243993818034028420e+00 -4.154766338566651562e+00
1.807747455720701524e+01 2.680562198418609299e+01 -3.449660774427680110e+01 -2.549803513634345098e+00 3.345415900750792648e+00 -2.770000942593221538e+01 -3.569209778996560090e+01 -5.815267670346701578e+01 -3.189446336198867726e+01 6.006429610622889825e+00 -1.268287059588159593e+01 -1.628006315062115306e+01 -4.841253557382011685e+00
1.795569781187075620e+01 1.801268247826656221e+01 -2.170771096036784797e+01 -2.535057366523005395e+00 5.371511866378531508e+00 -1.815386096394910354e+01 -2.937968024730259131e+01 -3.843372830835690479e+01 -1.965989695614799260e+01 9.414151203833510451e+00 2.057012034007617896e+00 -1.261572504288174379e+01 -9.779141824646728764e+00
1.798946134988074874e+01 2.316044813022277182e+01 -2.207099858751632482e+01 -2.203487325840000732e+00 4.759882728439055910e+00 -1.423544156238511782e+01 -1.736818268172022428e+01 -3.343780626295934155e+01 -1.717312319139085375e+01 2.018993704742883466e+01 6.263371646931173764e+00 -1.460586646026718327e+01 -8.216268220635797093e+00
1.799345910681211791e+01 2.560687174748237638e+01 -2.217644779775033825e+01 -1.585989675760253625e+00 3.847683696593052094e+00 -1.858998697164025415e+01 -1.551411916101155875e+01 -2.943189441652729954e+01 -1.366585948451054833e+01 2.512414259559013630e+01 8.572628301396138184e+00 -1.041170337399347545e+01 -4.925573034995305299e+00
1.826595701226053947e+01 2.261541663786536560e+01 -2.374109479029866421e+01 -1.011989041493526997e+01 -8.557526704460943989e+00 -1.951857294695568257e+01 -1.029238031942607456e+01 -2.564638670761337025e+01 -1.356706379751617142e+01 1.940636293148140012e+01 5.892696467631838075e+00 -1.060429845991514064e+01 -9.865255989352927912e+00
1.857989668031355279e+01 3.130127356923704340e+01 -3.451549447510551261e+01 -8.969471514771047538e+00 -6.986611871606724478e+00 -2.779541098798179277e+01 -8.972951049551664227e+00 -2.540306631860254782e+01 -1.767405552784126499e+01 1.995975368813947171e+01 1.060615903190097420e+01 -6.713850997378922436e+00 -9.187792537066435727e+00
1.871686123677388380e+01 2.031575781249929236e+01 -2.588205896081486657e+01 -2.021413639706829812e+01 -1.121305096781795463e+01 -1.814089952220810886e+01 -1.360182439978063940e+01 -2.140496987219279035e+01 -1.672760417465037008e+01 1.044408902033408992e+01 1.071736446298273471e+01 -8.602225956538937623e+00 -1.350732185880862879e+01
1.874540491371510242e+01 3.772223165271713441e+01 -4.970074227429152103e+01 -1.131608049461998888e+01 -1.063482705711313336e+01 -3.692336842333536850e+01 -1.984264540609196326e+00 -3.624955759574931591e+01 -3.080456999420131936e+01 1.726231852265691202e+01 7.828734146931513871e-02 -5.313834991390830709e+00 -1.176356352093000091e+01
1.867820297860122736e+01 1.906158635067715679e+01 -2.024391480378915631e+01 -1.200831231463533655e+01 -7.237082621590885445e+00 -1.879812180371835240e+01 -1.391942694036962713e+01 -1.910825099062705235e+01 -1.790704655832451664e+01 1.272248162789859904e+01 2.162999804959528305e+01 -4.786534220577445708e+00 -1.865307611821390310e+01
1.843305295545394173e+01 2.131584164525449410e+01 -2.008018678003498536e+01 -9.263532043925778225e+00 -7.191064334564345906e+00 -2.623905949788210989e+01 -2.058238230804782987e+01 -2.462050622127439681e+01 -1.455797454044664896e+01 2.052900469117689752e+01 1.663912152984766024e+01 -1.030455236369788707e+01 -1.564789536543519866e+01
1.798281509775571863e+01 2.177065867315220871e+01 -2.140238940653032529e+01 -8.246903726123155920e+00 -3.669604155247377264e+00 -2.641983712832586662e+01 -2.308556215699822900e+01 -2.014539604079072888e+01 -9.395970989506009730e+00 1.158304401775020409e+01 5.320723828611727546e-01 -1.894176509512227824e+01 -1.980461238970012872e+01
1.726383647797468157e+01 4.243202717622411768e+01 -3.455748060882864792e+01 2.604076110529954491e+01 1.351763884470499555e+00 -1.674174637416655642e+01 -7.263669991471081389e+00 -3.068310170970040929e+01 -1.760724559671484712e+01 2.456600329120209381e+01 3.879688833481793164e+00 -1.443816964175674755e+01 -1.190591799185821564e+01
1.706520790323509829e+01 2.928842683163979999e+01 -1.995470935545804636e+01 1.847278544130690037e+01 4.975333453849100529e+00 -2.409167340401584312e+01 -8.341630333926353558e+00 -4.829315749222898546e+01 -3.923487157344754195e+01 9.915794545474684085e+00 6.337156200164587583e-01 -1.204676373171380632e+01 -1.080135464305762305e+01
1.593660212165725731e+01 1.213824220147961164e+01 -1.313215269558928533e+01 3.013084036619272865e+01 3.381749479890324928e+00 -4.701423890043370690e+00 1.873789599071051581e+00 -5.126691754315961447e+01 -3.741970461545012228e+01 4.071103563420252591e+00 -9.860856717035877850e+00 -7.404534111380812744e-01 2.855103402459646667e+00
1.784387202660026617e+01 -9.082170838581028249e+00 -2.701709951380878394e+01 3.702351293759910078e+01 -6.889827400859323880e+00 -3.360115908720620492e+00 2.705057485399506589e+01 -3.625622852372301708e+01 -2.328464214857068626e+01 9.844655638665891217e+00 -1.080544101290487369e+01 -2.430775070174287844e+00 -1.143638360529770281e+01
1.818304596865020173e+01 -6.783724070968390585e+00 -6.005568512939530024e+01 2.626087852381901655e+01 -4.054755216490113412e+01 -2.258482597534349878e+01 1.986956339632443758e+01 -4.900320492495959002e+01 -1.274932589629337976e+01 3.036792811950184756e+01 1.472072972201539542e+00 7.140339726467287207e+00 -1.098216806028031733e+01
1.793849698253447400e+01 -1.209112360518276041e+01 -5.394490229419760396e+01 1.229981117394252266e+01 -3.673135296464339916e+01 -2.551184387854062052e+01 1.455308549303407339e+01 -5.293016376506370335e+01 -9.828650511353837160e+00 3.260646073247413312e+01 -9.738425334313832948e+00 -1.415846755682203639e+00 2.652481943877114598e-02
1.805697948703100764e+01 -9.837879278894565260e+00 -5.706033148430487500e+01 1.428374233866435894e+01 -3.916652417270463360e+01 -1.854025168490811737e+01 2.549829413945884227e+01 -3.686320312883283634e+01 9.142753796302230285e+00 2.346750021724079360e+01 -2.566016976391187754e+01 -4.493241808317163688e+00 -1.157263908985636824e+01
1.781185687938891604e+01 -2.816118160289870165e+00 -5.999379824528412541e+01 3.151092616292277526e+01 -2.738205047438548689e+01 -4.823037769371714134e+00 3.593481070722425130e+01 -3.984139599003255938e+01 1.148522887911089718e+01 3.090199733873081911e+01 -1.765971767207712517e+01 9.482632762360813095e-01 -1.112511533815622045e+01
1.736216711522175160e+01 -1.532645101612253669e+01 -5.335624105292851738e+01 1.065676529292480090e+01 -3.143592562693342174e+01 -2.086465806902078057e+01 1.882985516996140163e+01 -3.774439657002067605e+01 -2.632249400699433917e+00 3.088796174081365820e+01 -2.027145967999539877e+01 -7.405952540238481596e+00 1.038241497186291262e+01
1.739584792342344244e+01 -1.308529225292052445e+01 -4.147958117288352042e+01 1.532137075182932584e+01 -2.562504199229062252e+01 -1.858696544217844249e+01 2.027303855900364482e+01 -3.632207915175015955e+01 -7.010448014317205434e+00 3.074221072361296336e+01 -5.738198282997559296e+00 -4.806485343152084866e-01 -6.775134268484990230e+00
1.755412041080421304e+01 -1.344074022809024882e+01 -4.221572650912248292e+01 2.069316726835068465e+01 -2.291058130764861644e+01 -1.500063680703551050e+01 2.645684725592429487e+01 -3.375374187391085457e+01 -2.274952180504526300e+00 2.916888851237322910e+01 -1.137237442436999402e+01 9.815900014045366717e+00 1.269518231967330557e+01
1.686744400850335879e+01 -1.162034588873038032e+01 -5.027148008562482318e+01 1.192708875907978161e+01 -3.517416349556926036e+01 -1.822914818959248251e+01 2.137987336500547286e+01 -3.686001393270009174e+01 7.202404054252609100e-01 1.699608205295742636e+01 -2.227007701742735790e+01 6.255837062704287632e+00 2.401947434952135030e+00
1.623599570190887675e+01 -5.666167334094301289e+00 -6.270482702748644499e+01 1.308702294206319650e+01 -3.826803624510695556e+01 -1.998685010043710619e+01 2.035994185470672946e+01 -4.876712945567960134e+01 -6.263845795989077203e+00 1.689185975468301848e+01 -1.740545533865203609e+01 1.135579020393539906e+01 6.084145474781291973e+00
1.710883174130381690e+01 -1.193241135816070120e+01 -2.948812230985558713e+01 2.051959786718237666e+01 -2.041703469829457518e+01 -6.198932177858346826e+00 2.927776275567345721e+01 -2.876541736982698794e+01 -1.205440648293814476e+01 1.261341273761920156e+01 -2.231712025185787596e+01 7.588610647827356281e-01 1.010914059615180172e+01
1.668510212415172234e+01 -3.261640114402021950e+00 -4.077934302321531135e+01 3.176534070379333841e+01 -2.686302056731755172e+01 -6.998840798987416179e+00 1.852869183637452366e+01 -2.449515860829260205e+01 -1.565414757622813724e+01 2.263607389800821323e+01 -1.503800312485469526e+01 -4.409808162861651226e+00 7.396384290805436912e+00
1.374390458734571574e+01 3.522145295350449068e+00 -3.278549521234700848e+01 3.175247014695958825e+01 5.864303774554410431e+00 -1.838625210867346738e+01 2.847712944320469575e+01 -1.390214127973771596e+01 -1.859799850857852377e+01 1.974750706612678641e+01 -1.658865968323909001e+01 -1.874728161100273738e+01 -4.424392328360398530e+00
1.472732149615790753e+01 3.689223970365051741e+01 -1.425034269931362019e+01 2.938640367563631628e+01 2.179441516081178420e+01 2.674638231114064846e-01 1.860596594422381855e+01 -1.873739876113869940e+01 -2.634617110494894376e+01 -3.996358302012678720e+00 -2.741724597848546807e+01 -9.846638891050577769e+00 -6.887068003071031619e+00
1.634628869126294859e+01 2.485997736863270902e+01 -1.251674029565272628e+00 1.670778508905831217e+01 2.198231903699290868e+01 4.787084025183503400e+00 -6.459929791042543279e+00 -2.425137354491308628e+01 -1.071840675278806820e+01 4.429476019250739860e+00 -1.059366990319293578e+01 -4.470316044420638235e+00 -2.993479241332762442e+00
1.671818703179084409e+01 3.820224927730111375e+01 -2.118289563382047547e+01 2.347777503957595258e+01 2.824449976812155327e+01 1.877344348616074798e+00 -1.367577564661628164e+00 -2.829160765044382586e+01 -1.230272033282406063e+01 3.015037142026399941e+00 -1.482899390887789792e+01 -7.669154256665639657e+00 -1.327217576375328889e+01
1.643986661497151047e+01 3.244518127192610990e+01 -1.903925573027292373e+01 1.721445487601753399e+01 3.379173136980383418e+01 -6.069053428537060313e+00 -1.811885479386779707e+01 -2.790273202058213187e+01 -2.337594294941313322e+01 5.023321338695735383e-01 -8.200679198627856437e+00 -1.431449427942856367e+01 -1.921324249787273786e+01
1.643700960539855060e+01 1.882160477967321199e+01 -1.277517999764464030e+01 1.461274821518085965e+01 3.309620658942910865e+01 6.107027308060706261e+00 -1.846628688093437631e+01 -2.494501998657191422e+01 -1.804879978060619194e+01 -7.986276359570230632e+00 -5.012838668311870194e+00 -1.236158897802616607e+01 -2.031367002565098900e+01
1.607734812196723695e+01 2.492966229505217512e+01 -1.384152591543166011e+01 1.622295906917367248e+01 3.553224694136161332e+01 1.067416618726640398e-01 -1.829499333634786495e+01 -2.039138458811381227e+01 -8.694075109193569517e+00 7.318236396308599900e+00 5.311014606403208660e+00 -1.582931334270237356e+00 -1.156361516808872736e+01
1.598018903318072503e+01 3.686215096086958454e+01 -3.025835521446667542e+01 2.745981197944703567e+01 3.152681247213937610e+01 6.581538803659507053e+00 -1.800611584722509662e+01 -1.560307532793485663e+01 -1.385284044943724702e+01 -8.442026430094081713e-01 -4.643736665922054918e+00 -8.763649364167567235e-01 -2.377110237689057470e+01
1.551422674908869581e+01 4.054500963639411992e+01 -3.392587608148558331e+01 3.541770971803704526e+01 3.607374259342660849e+01 -1.356686042219386934e+01 -3.951887090982304951e+00 -2.772096056915471962e+01 -2.344009428753376589e+00 2.649219468178523229e+01 -4.385711797917180021e+00 -9.301134004406197420e+00 -8.163341616008814583e+00
1.581027675851765757e+01 2.393673292755978466e+01 -2.598403056258950627e+01 3.338627963505377494e+01 3.523059305962686949e+01 -1.221414609790390671e+01 -3.168806593831971163e+00 -2.580160695864453402e+01 -1.291864354502665613e+01 1.640826544344242421e+01 -1.854117836160379085e+01 -1.501807369829010064e+01 2.122901438899937432e+00
1.565556963112859457e+01 2.389717914470312010e+01 -2.013304038108623573e+01 2.975633972392256155e+01 2.025850685654455674e+01 -1.398903944183773440e+01 -1.274514549117983231e+00 -1.878621813394426709e+01 -1.442288476541393694e+00 1.948073108736657488e+01 -1.580077941613115122e+01 -1.140260328651686095e+01 9.908416300593846371e-01
1.572062680353503339e+01 3.503593959841951033e+01 -3.354078588148131956e+01 4.348147069205535331e+01 2.978023481004177953e+01 -1.965526672187039026e+01 6.586478886881883099e+00 -3.188611610803780039e+01 -9.624041604536721195e+00 1.428054451936978708e+01 -3.492645551909969726e+01 -7.097524996344491299e+00 -4.417615685865274422e+00
1.569467458259051185e+01 2.043468505804848689e+01 -9.691472372841706928e+00 2.740687327851811972e+01 2.144060359585228781e+01 -1.093727622876564709e+01 -1.281668817504281499e+01 -2.210540465419958522e+01 4.508152118687174692e+00 9.484947279477951909e+00 -2.590768789222084578e+01 -4.637447777086967093e+00 6.793804200508952285e+00
1.588563255584744915e+01 3.697633779405017407e+01 -3.080464657368802150e+01 4.583922183995990451e+01 2.103822625035057925e+01 -2.422714637739134247e+01 -1.801199196884784581e-01 -3.265668826892586196e+01 5.705752227876510929e+00 2.251376343360582055e+01 -3.878099579962693610e+01 -1.208538761950384810e+01 -5.359659611306367921e+00
1.583741752630408861e+01 2.201252946415469935e+01 -1.344579100450679832e+01 2.853132943762226503e+01 1.862652063702939742e+01 -1.143010586769094239e+01 -4.107362819913277896e+00 -2.856704467435515227e+01 2.722717047776083366e+00 2.557539680872001497e+01 -2.837236713738203520e+01 -1.428494402888495429e+01 9.848660507356056470e+00
1.624036500966404972e+01 2.700471564330532814e+01 -1.873720057557131113e+01 3.929734743106874362e+01 2.258363501592823752e+01 -1.147809520528066507e+01 -3.802330562859697061e+00 -4.353544011810547687e+01 3.972327818677404032e+00 2.584360012268327011e+01 -4.163283675685213581e+01 -1.627637180701513842e+01 2.393538485440482866e+00
1.591892930470071654e+01 1.718189012770431745e+01 -5.114168060378982084e+00 2.703432158552435993e+01 1.496251215911594379e+01 -8.881133493229289577e-01 -9.724354677953401804e+00 -3.658304968154584458e+01 6.064318214569638599e+00 2.156854404255878777e+01 -2.985952972269170402e+01 -1.229764626469848920e+01 1.267398778025123285e+01
1.564051370839075794e+01 2.427663098004343922e+01 -1.327188871545589777e+01 4.409471772888607433e+01 2.051144702328004144e+01 -1.329547019544490993e+01 -2.479543738301422384e-01 -4.372318451195096145e+01 -2.121627883487995803e+00 3.006642616016545233e+01 -3.056019241275862086e+01 -1.236386873876128689e+01 5.972237863639263900e+00
1.390118761801344327e+01 2.927466503033448930e+01 -2.232389682509616335e+01 4.324172653931287869e+01 1.361711037512493405e+01 2.515057899864481250e+00 1.718508236637902442e+01 -3.688162009075676195e+01 3.141966671603838357e+00 2.611097617002582894e+01 -2.212139495950413703e+01 -1.847028597741214995e+01 -1.128787836160420177e+01
1.296116681686445382e+01 2.234576017984390361e+01 -1.299040380117328297e+01 2.980798969367965867e+01 9.127344891899085155e+00 -1.618930889451216970e+01 4.933620871177490486e+00 -3.875874067020932046e+01 -2.365679265768680040e+01 8.509276739784972676e+00 -3.909377444337555119e+01 -2.400629177572746187e+01 1.159527878524527900e+01
1.513952531560247294e+01 2.620459756297856302e+01 -5.232005010622508223e+01 1.406206719250404902e+01 -1.924974609731188391e+00 -1.987408098829909875e+01 2.377872857856550937e+01 -1.966123707247798080e+01 -9.020127500338491089e+00 7.411987568343606725e+00 -3.649201813139708861e+01 -1.886626485957924615e+01 -1.144499659778029432e+01
1.601096571878829522e+01 3.003065884981045031e+01 -6.263624432445724466e+01 3.040696726797531824e+01 2.377478474842916523e+00 -2.309592678183980041e+01 1.092842482045964481e+01 -4.028041851900930226e+01 -2.473928564122826046e+01 2.681371470114418454e+00 -2.002931148583143184e+01 -1.257431060159088787e+01 -2.224133131553663745e+01
1.657460950692566470e+01 3.172921639607553246e+01 -2.342628681773483379e+01 9.346653096998904786e+00 -1.891447312633138145e+00 -1.234720174892865607e+01 -2.209429442203115546e+00 -3.886080531798344140e+01 -1.426268988336025112e+00 3.138937993623805767e+01 -4.971611866337753760e+00 -7.146324050491172919e+00 -7.789294907220560837e+00
1.747654082371490958e+01 2.521406215400596196e+01 -2.384339632019322508e+01 5.233367957517542912e+00 -1.137185051597885632e+01 -1.694285906052550672e+01 -5.714913907028024154e-01 -4.028006551140587987e+01 -6.973015052826960769e-01 3.018509365156916147e+01 -1.395487134465572332e+01 -1.036628781016440470e+01 -1.373982992047565510e+01
1.710958447679815464e+01 2.102897739232368579e+01 -1.966688957234777035e+01 7.454167188604235328e+00 -1.108341532913270733e+01 -1.800058209418816446e+01 4.205841165601140297e+00 -2.505326182101633137e+01 7.648918891568284195e+00 3.363214395666982881e+01 -8.529800345059737054e+00 -7.014157446246661820e+00 -9.478128814379271461e+00
1.720558976793648398e+01 3.733479685605912834e+01 -3.922999053434799777e+01 1.150650737697177384e+01 -1.498738135187390519e+01 -2.505863274323808554e+01 1.930543600538533866e+01 -2.123575365119519986e+01 1.749321743554251896e+01 1.802379958207854571e+01 -2.497865951329697864e+01 -1.167146872091327392e+00 -1.692902639073111715e+01
1.708530918559864631e+01 2.516065571021164260e+01 -3.082741341751222564e+01 6.429435833438279957e+00 -5.691058698960966389e+00 -1.948671649137608597e+01 1.118631472185631814e+01 -1.315173578127872922e+01 1.495307199259335640e+01 2.719204400170951530e+01 -2.312132198929932514e+01 -1.277203068974990963e+01 -6.706140669466529758e+00
1.694423664174060562e+01 2.170312339643325927e+01 -3.418344625018700356e+01 1.037904192893831379e+01 -7.696516670159046392e+00 -1.012862262341393382e+01 1.662274254098434056e+01 -1.365902522092936344e+01 2.161339364828211274e+01 3.514632581512898213e+01 -2.127419395821614856e+01 -1.151732350802458349e+01 -6.589850933284429502e+00
1.705037139100759447e+01 1.781686915540865712e+01 -3.119019524491838879e+01 1.024527144278405899e+01 -2.500033856613007810e+00 -8.922510983649283745e+00 6.326643734732705582e+00 -1.643989174353323790e+01 1.166954279592979837e+01 2.593810176739801676e+01 -1.491663739008052580e+01 -1.230862079209608595e+01 -5.599469466599718004e+00
1.724454684231423940e+01 2.582818278597321182e+01 -4.297851942797677083e+01 1.161440257452902536e+01 -5.322249895315393609e+00 -6.733229629927610205e+00 2.154853725328598557e+01 -1.895511438779029589e+01 6.472673156641562286e+00 2.631395588176157929e+01 -1.944500337343401242e+01 -8.305302901394153281e+00 -3.985098339140959123e+00
1.722933323697636965e+01 9.383904693315658463e+00 -2.498058149228076275e+01 -1.798271397424642037e+00 2.961805450883252533e+00 7.206602055802881601e+00 1.417415052833136713e+01 -8.135761855495115213e+00 1.036093986696740998e+01 2.384267806320645278e+01 -8.830345782037552382e+00 -7.178402903089155629e+00 2.229239909639765482e+00
1.697573400241874708e+01 2.306408894588764014e+01 -3.527697396911722905e+01 -9.311372838804031771e-01 -7.708324087937634683e-01 3.316605582423094223e+00 2.356582754914388644e+01 -8.848921406440595661e+00 4.488858804637517963e+00 1.835287072653124341e+01 -1.345805954922326997e+01 -8.046623750725142799e+00 -8.399801980706564919e+00
1.700131564231363868e+01 3.359223142185480526e+01 -5.195696797099415676e+01 1.598293848466637535e+01 -4.999443350001015141e+00 3.835758521757809181e+00 3.657035745026538365e+01 -2.256589579211726004e+01 1.051628045532606492e+01 2.048047454133202194e+01 -9.699220073534096542e+00 8.268840324356599325e+00 -9.353680559000629557e+00
1.706943426943050923e+01 1.536179280373633205e+01 -3.325445600319150685e+01 -3.066673835642521606e+00 2.734270979196745444e+00 9.531376641062953681e+00 1.944326617694443726e+01 -1.041985021731662719e+01 1.910162773664071389e-01 9.344895802145186892e+00 -1.426660022899378966e+01 -8.270703924205276891e+00 -1.032299167625033043e+01
1.704334669349002240e+01 1.422874712019089216e+01 -3.111100319415317728e+01 -7.496733785591391808e+00 9.352173704342108707e+00 1.415818258707755106e+01 1.925682774923738094e+01 -5.790404114755673071e+00 8.258024634714363543e+00 1.925069783384658706e+01 -9.777961773798661937e+00 -5.022525929305684755e+00 -1.696255939125919099e+00
1.659741188348764851e+01 1.000236085326552171e+01 -2.483251374648258292e+01 -8.618537535922024873e+00 5.614285710443113864e+00 1.504628253584814956e+01 1.186325268548746159e+01 -9.753694161742268776e+00 5.326638589771562238e+00 1.347036055441198421e+01 -1.302750613746641584e+01 -1.652666534850709823e+01 -1.252982339302675285e+01
1.653355925455531761e+01 1.944163833080811798e+01 -3.582985630153403633e+01 -6.463489990843143573e+00 1.288645634677857643e+00 4.526687796496690730e+00 2.775950446848581521e+01 -1.578886674363526588e+01 -1.490763696741308486e+01 9.227168165934930499e+00 -2.015930427599645824e+01 -8.780164324164829281e+00 -2.674681984061775264e+00
1.610421694234923251e+01 3.400163470090105733e+01 -4.749087026533390343e+01 2.780615955002042394e+00 6.060532754102845310e+00 -1.244280569775697121e+00 3.150395950095771269e+01 -1.975016958069983630e+01 -7.843259926415045769e+00 1.477024438693073760e+00 -3.322329578898577296e+01 -4.481855163121418961e+00 -1.566100470913555398e+01
1.546930662537111267e+01 3.402244381921715188e+01 -4.692346409233066140e+01 -1.783248155302649129e+00 -1.772132023029592940e+00 -4.898165504767994172e+00 2.509259934294816219e+01 -1.076963378726008713e+01 -8.256807957491352212e+00 3.662349645232410911e+00 -1.868783093388224259e+01 1.128165193296838842e+00 -5.392956160321304537e+00
1.450159759137024551e+01 2.234453898289565998e+01 -3.414093962211538980e+01 -4.860549277731351481e+00 6.206407011451447353e+00 -6.928510298788370214e+00 1.074933593524007946e+01 -1.050345391177321197e+01 -1.578473213586439705e+01 -1.261572157638981118e+01 -3.509982494450898116e+01 -1.971892550532432864e+01 -1.573752855183782984e+01
1.385171214217277580e+01 2.461384498456558489e+01 -3.089129677065670165e+01 -4.714877832777216504e+00 6.745628566410688087e+00 -7.788614157933142046e+00 2.984271369176828337e+00 -6.611196677692686485e+00 -1.125663750970395860e+01 -1.088633774817552080e+01 -2.564771072682254882e+01 -1.567011842890672213e+01 -8.400749274392701693e+00
