1.614798805375738766e+01 2.351166888674058342e+01 -4.218135395802666920e+01 -1.780390036562282319e+01 2.499593608138578205e+01 -9.619316993005726957e+00 -3.997872586735973499e+01 -5.239841295797815768e-01 1.886891610829505339e+01 -1.117949582698983058e+01 -4.787290679761255774e+00 3.247175066613962713e+01 1.455824755518170122e+01
1.705182596516154092e+01 2.438373875344492347e+01 -5.173371679586894345e+01 -2.085204237128513682e+01 2.909092592106737740e+01 -1.046266466568528841e+01 -3.744771458991214530e+01 5.592414128938436590e+00 2.049666844697219403e+01 -5.691959910879440088e+00 4.516706073349704198e+00 3.151561700813356381e+01 1.159470450323002488e+01
1.749034115942308176e+01 1.255235846666831634e+01 -4.392475097897638392e+01 -1.427399501483117383e+01 3.765056974090239095e+01 9.672210039682783034e+00 -2.558870054420341589e+01 2.940265844840866283e+00 2.062814657747068736e+01 -2.980328679342750142e+00 2.330189038402201263e+00 2.076715122381620660e+01 -5.783774448551679548e-01
1.771852742651200785e+01 2.489367993369307808e+00 -3.922363005707466499e+01 -1.308317948276304499e+01 2.049728936695175818e+01 -4.993765551182367091e+00 -3.182774613640672356e+01 -9.413685169819375531e+00 1.315486609234043591e+01 2.728483890296538483e+00 2.754686217754600541e-01 1.175860654406683281e+01 4.192553243556036868e+00
1.803335463930535809e+01 5.657828795665437838e+00 -4.563730029584429104e+01 -2.135278163531140905e+01 2.124679997726440206e+01 -2.798885769926999223e-01 -2.531451716611627845e+01 3.772540203434858075e+00 2.440545673527572035e+01 5.223351510823072807e+00 -1.737510128787409514e+00 1.001656264253444562e+01 1.263522728605018797e-01
1.816800943963799853e+01 1.915421344968102346e+01 -4.906692390840064633e+01 -3.086014904768805778e+01 3.015877869769817465e+01 9.850275698716233208e+00 -3.015457634258065411e+01 -3.395959338910644831e+00 1.950992544071141310e+01 -4.785229637461444696e+00 -5.029817504342230627e+00 1.793081324417489242e+01 7.197938063463535485e+00
1.718809479288565711e+01 2.399292015380622090e+01 -5.365131767283602215e+01 -3.862417656164230806e+01 2.034991212795270954e+01 3.213223047997267212e+00 -3.383021651903627713e+01 -8.380590416089280126e+00 2.143444523796961221e+01 5.336466906048308978e+00 9.458408044801464021e-01 2.238882234261395610e+01 1.780919374965329283e+01
1.702550258165639008e+01 3.104957672798958157e+01 -2.754787103877182375e+01 -2.801389764587733211e+01 2.824562023852492132e+01 1.296226938660696071e+01 -4.434869648716910717e+01 -3.919121337645292869e+01 2.772439411271945264e+00 -1.448381294381970008e+01 -2.568445824094161622e+01 7.242054974891126484e+00 -4.056363739953904535e+00
1.725640930394602535e+01 2.439498863066928180e+01 -1.677606009244941632e+01 -1.126924428220813290e+01 2.434638783891016445e+01 1.808428734254780013e+00 -4.294008800851098329e+01 -3.535607116659832627e+01 3.365853519690046314e-01 -1.332743229220644210e+01 -2.261705988701709558e+01 4.676922460739346477e+00 5.040036877579447960e-01
1.763422362695176560e+01 2.515385200661618725e+01 -1.372524320686013333e+01 -2.663572750763794073e+00 2.464325399723265164e+01 -2.324381022639120165e+00 -3.504884066412428467e+01 -2.263724481167058400e+01 1.810410543593174992e+00 -1.360305510526285921e+01 -2.159065544046532636e+01 -3.615632557248970258e+00 -2.319922591565787950e+00
1.765025188667533484e+01 2.775011575304077382e+01 -1.107989634859493222e+01 1.365825160251702419e+00 3.092915968233705115e+01 1.788106196356721078e+00 -2.592537570387579393e+01 -2.798746542504298063e+01 -1.154614833424611353e+00 -1.713305168741611340e+01 -3.017054253405047248e+01 3.062900909018074103e+00 5.873919769292706983e-01
1.784999801958888810e+01 2.289190937115880331e+01 -1.159395333260132688e+01 -3.309045077674272584e+00 2.155111879081649562e+01 -3.695574808827142288e+00 -3.339582547607885488e+01 -2.273971442155372458e+01 -3.079330844655564850e-02 -2.212636262462875081e+01 -3.430488157091041757e+01 2.732775413581655322e+00 1.033217063069218256e+01
1.764354551745738320e+01 1.754943628296266667e+01 -1.118688224218363203e+01 -3.267546292632964811e+00 7.629454063383994011e+00 -1.592731371525883333e+01 -3.193087257797665401e+01 -2.297652394726708636e+01 -1.276320706102648117e+01 -2.319946966287007228e+01 -2.278564211425754493e+01 -2.354940646730239617e+00 -1.171432236289967843e+00
1.744953840269412737e+01 2.115077741402162914e+01 -8.685046029205281570e+00 -6.566435974862434577e+00 1.070420577731696632e+01 -8.254811178374183100e+00 -3.220664105727373538e+01 -2.629738842290763046e+01 -1.057912349067804492e+01 -2.518273145229600374e+01 -2.456964100667251572e+01 3.817088633175576895e+00 -4.663060755051480211e-01
1.715434155816068795e+01 2.564749859605482385e+01 -8.445850059874457472e+00 -8.226386729046064161e+00 1.951621306080017249e+01 2.082187466834092060e+00 -3.126841426857506434e+01 -2.316829157818897400e+01 4.402206340556942266e-01 -2.717073801413052792e+01 -3.336186364584189334e+01 6.085882098870506240e+00 3.430519491699780765e+00
1.637157570610425594e+01 2.823506316022198703e+01 -4.242661550832701245e+00 -4.415503218526380280e+00 2.167323605472369863e+01 2.668976678414219372e-01 -3.129123939099034502e+01 -2.306116591599427323e+01 4.044991928516754598e+00 -2.692583085647755681e+01 -2.932178696605931023e+01 1.001871076619417344e+01 -2.053105039428535505e+00
1.559360848985812886e+01 3.099023825920544795e+01 -6.341760172007977481e+00 -1.175232725631160235e+01 2.540096755801276274e+01 1.132590088189523492e+01 -2.929911622226948253e+01 -2.126951681690998086e+01 9.099340294205234159e+00 -3.042828203171152168e+01 -2.913436641422896400e+01 1.810007716094544961e+01 -6.285575810170497491e+00
1.522025355895238441e+01 3.261014540095706593e+01 -1.871296938150339528e+01 -1.436987537407910764e+01 2.294020311016246083e+01 1.897080668347862487e+00 -2.168493553340319835e+01 -2.280916094267954009e+01 -5.210122235282404368e+00 -1.884323506872076948e+01 -2.061028812059553061e+01 1.751867119025786579e+01 -2.255872425071509202e+00
1.508440287315029238e+01 2.808716663066660857e+01 -2.432051488904306780e+01 -1.395741292101628339e+01 2.497250599247900382e+01 1.943981582454753054e+00 -2.295041081825581486e+01 -1.956121366956485730e+01 -7.481175882510821218e+00 -2.655424577356237137e+01 -2.248224572964621615e+01 1.439785346642010566e+01 -3.732094566082354792e+00
1.455486028627020900e+01 3.496821022191314654e+01 -2.357304472149421670e+01 -2.139475040672025941e+01 2.734562051831554186e+01 1.335206084094439305e+00 -2.654122896879290039e+01 -2.590154184560242712e+01 -6.323401531586274604e-01 -2.989607995562900911e+01 -2.240857383568051375e+01 2.139838750460133809e+01 -7.240966591443925182e+00
1.407381406053921857e+01 3.415593028699050393e+01 -2.668979715130740971e+01 -1.827677614454520949e+01 2.004749542689035735e+01 -9.641525001472706080e+00 -3.140979933448893746e+01 -1.370498145583817440e+01 8.621083822052851175e+00 -1.777260710657280995e+01 -1.586279316283211038e+01 1.211648692986083020e+01 -8.256764644406105802e+00
1.404953675909530553e+01 3.348310765359364183e+01 -2.996315606121052966e+01 -3.131183995391189256e+01 2.096758774269407155e+01 -5.773498125662553271e+00 -4.018249419787952093e+01 -2.402105259677379934e+01 9.012768565689974753e-01 -3.003831205429061413e+01 -1.933152625200358798e+01 2.158595635981729899e+01 -9.828133941959618980e+00
1.404454472819225330e+01 3.041447653793141015e+01 -3.400006030869404583e+01 -2.032542924256500783e+01 2.493084847314418795e+01 1.089706062230543226e+00 -2.341006178601748644e+01 -1.207942958979517023e+01 -1.491540293912239745e+00 -2.414643385697633349e+01 -1.938779016440890146e+01 1.266569869370584556e+01 5.474757429464109926e-01
1.456342335596307613e+01 1.690738535616218741e+01 -3.490728781727053587e+01 -2.201060029555956277e+01 1.067566513916280968e+01 -5.308933368844261480e+00 -2.659608275525910059e+01 -1.913224532505878273e+01 -5.950534809680702253e+00 -1.198227501906406012e+01 -1.012039249915104300e+01 5.688031232924277703e+00 6.616085193309427792e-01
1.698508844543432517e+01 3.386901377649111566e+01 -3.429268141046011920e+01 -4.220641387862352190e+01 -2.716988532330180117e+00 -1.641164981347170126e+01 -4.589830998328376666e+01 -4.365349752679318129e+01 -8.496692315946229312e-01 -1.472151984899233845e+01 -1.909559190247279403e+01 6.992882125760147005e+00 -1.944399046201512604e+01
1.771031868290026523e+01 2.700364364681847462e+01 -2.528398176830077304e+01 -3.852980734795186635e+01 -8.452271687696914171e+00 -1.179026628501608087e+01 -3.962360794014821153e+01 -2.611336838045874842e+01 1.526370026106929068e+01 8.181341597382594699e+00 -1.533530580776520935e+01 -3.665614791274554030e+00 -3.839032600287975772e+00
1.851560665524924687e+01 4.277531617462643965e+01 -2.105323243110321485e+01 -3.609881856122816401e+01 6.742944146168693642e+00 1.746838760546266300e+00 -1.634926582705468689e+01 -1.497799327491890153e+01 2.981445546293563353e+01 6.753053739979883119e+00 -3.130644034399305653e+01 1.405820333026175106e+01 -1.360543397591738568e+01
1.890930337790903693e+01 2.386444669105197036e+01 -2.253461782565857519e+01 -3.174985941181657267e+01 -5.544472293671504737e+00 7.037349286948521021e-01 -1.450816757791534606e+01 -1.077178907490803006e+01 1.354415666830292864e+01 1.577021454963964509e+01 5.354329124272927842e+00 5.629619892408262771e+00 -4.869565171170914253e-01
1.959771721126996269e+01 2.944989019806012820e+01 -4.706416379758433521e+01 -5.346710156983517948e+01 -4.087701555223240413e-01 2.457996384005686874e+00 -1.378550503519548265e+01 1.535335053075322920e+00 1.804379953839069017e+01 -1.695984966371267610e+00 -4.393977928749047912e+00 1.323199686811428677e+01 -7.770631729207186922e+00
1.976571688697779550e+01 2.323841942341341138e+01 -5.260111557863156406e+01 -5.887062165474677045e+01 -1.165906356660736698e+01 -4.915267580525091162e+00 -2.151423591898011978e+01 -1.418398027266543160e+01 1.476635610627039519e-01 -1.442463837192287812e+01 -1.090326570132819661e+01 1.386504536486702577e+01 4.969997381311000995e-01
1.985228625131708924e+01 2.809210879832974683e+01 -3.889086929732751940e+01 -4.338562224388003585e+01 2.364484283015412469e+00 1.066349443703895439e+01 -5.784231189244346538e+00 2.239164510298264632e-01 1.983008634920673252e+00 -8.741407888145834804e+00 -4.409001256875501262e+00 1.188161392376529335e+01 1.303871537649444606e-02
1.940639376371111169e+01 2.135127523265563809e+01 -3.343086871073187893e+01 -3.944230013073013907e+01 -4.184071005527711051e+00 3.543182381186175345e+00 -7.908873510089053482e+00 -3.529186893515755763e+00 -1.905006748319696408e+00 -4.712855385911992379e+00 1.029124392207231864e+01 2.170299887058907728e+01 -1.298852501268160375e-01
1.817443830435341567e+01 3.491828955088227104e+01 -3.691525253727907341e+01 -2.642867669458263791e+01 9.527579500349929731e+00 3.795192393333039149e+00 -1.463563911717089816e+01 -1.283587504524722478e+00 2.177405799373842044e+00 -6.678360760664719287e+00 5.636802150786927257e+00 2.763972355655993596e+01 2.181901919848968419e+00
1.671248809731267215e+01 2.597677414563453624e+01 -3.088317970815163704e+01 -3.317505896974760304e+01 1.124947797615378553e+00 2.353656013856061602e+00 -1.402653627379116585e+01 -1.513726563695094463e+01 -1.460488849188805993e+01 -2.032561110953089667e+01 -4.494025824011607995e+00 1.109683283551889410e+01 -7.084967454761637917e+00
1.494595292577968770e+01 1.077974159816202793e+01 -2.632528505012292186e+01 -2.449660402323174324e+01 3.474102747647948242e+00 1.022834970110569230e+01 -5.964257078680889279e+00 -1.422266432893291110e+01 -7.616121881702004437e+00 -2.437754754770833809e+00 8.767196887185847026e-03 -1.326708395812444596e+00 -9.281264842471177445e+00
1.439761600530482077e+01 1.718228036024629191e+01 -3.408995258950400853e+01 -3.383264154044231731e+01 -2.557713153099709924e+00 1.463139294298805959e+00 -6.153568058553018361e+00 -6.415688785155532203e-01 2.009646367948551227e+00 -1.275813049997167070e+01 -1.992619209225048849e+01 -1.377965256911895153e+01 -7.852876384653336927e+00
1.410130267202237242e+01 2.256025324247093877e+01 -3.442468007421253162e+01 -3.761742454129342406e+01 -7.394563259486212070e-01 2.881155850265919582e-01 -1.202831645869719956e+01 -3.912520387082711881e+00 2.921016058094224821e+00 -8.743689061173460786e+00 -1.946489472335385829e+00 1.531878457648420166e+01 7.491564064336587059e+00
1.354184446760212168e+01 1.971018784617253417e+01 -2.202709469386628882e+01 -2.457706038291949469e+01 2.786702176069821846e-01 5.122726434403753970e+00 -6.652684544485845564e+00 -8.858437673108586097e+00 -4.360227613529695567e+00 -7.945494370477058865e+00 -3.403181350594629340e+00 7.903200144308227593e+00 4.877189475358340687e+00
1.332953302797350403e+01 3.072867770841439850e+01 -2.978663498013266420e+01 -3.525916895146118435e+01 1.482029289880960476e+01 4.392449091327179644e+00 -1.818862273046610412e+01 -8.902709210471181356e-01 3.488296542294943681e+00 -1.191669042560646208e+00 -3.316800015501114807e+00 7.479141642134829127e+00 1.285436745455648122e+01
1.724384264362632635e+01 3.506244415670674641e+01 -4.751246213455939227e+01 -5.520626434303933650e+01 1.564047677444670725e+01 2.553434584467840907e+01 -1.039587170751769207e+01 -1.973349403799674207e+01 -5.728122664630448391e+00 -2.604953833526580276e+00 -7.121858659076464981e+00 1.323030552286708073e+01 1.562094586158743503e+01
1.650731245084217846e+01 1.723535309800308823e+01 -2.404939056729620717e+01 -2.930435043198158951e+01 -9.990748797694712025e+00 -1.545845302176049962e+01 -2.892746047156794731e+01 -2.166847461748769277e+01 -2.166588634233456379e+00 1.010589492337160333e+00 6.399242193555646274e+00 1.815418295292162654e+01 7.299628741381002150e+00
1.778349457328368999e+01 2.083831553736776598e+01 -2.582294210493198250e+01 -3.696336960126363635e+01 -1.165196122567866688e+01 -1.528258409581489197e+01 -3.848702906528981771e+01 -3.175202409119608049e+01 -1.271511672460985665e+01 -1.608171832187199968e+01 -3.112368611691575637e+00 1.998410669250440463e+01 -5.385565733526027188e+00
1.862528515033301701e+01 2.900253534671885447e+01 -2.726193994905149509e+01 -4.205346029258988239e+01 -3.831498132613601726e+00 -5.214562003363491627e+00 -3.102413411517228070e+01 -3.396561950261781959e+01 -3.906923668027132202e+00 -1.398103821976936612e+00 -6.563242827496625686e+00 2.027190438643632575e+01 -1.102300555606074006e+01
1.900273290006867910e+01 3.007031521034118526e+01 -3.663332385861163232e+01 -5.007438054375483460e+01 -3.295689914240297336e-01 -7.611566044550976962e+00 -3.559365448354224526e+01 -3.854987169800375568e+01 6.535680638681255594e+00 -5.087433342957715432e+00 -1.234917052906244095e+01 3.016833437940046991e+01 -7.641206740800769559e+00
1.904960375963334585e+01 2.920413790929476505e+01 -3.595296040529268566e+01 -4.389332891126940694e+01 -2.658106732582995235e+00 -3.562867594430767504e+00 -1.562102300515833875e+01 -1.410667094643315167e+01 3.548819420734120822e+00 -6.938526662995428751e+00 -4.633969657497271299e+00 1.816784346573286513e+01 -1.842683197617804325e+01
1.898537678607631918e+01 2.546097733279783526e+01 -3.059287727854967187e+01 -4.097653726486289827e+01 -8.085749092549527006e+00 -2.712888500842403960e+00 -1.531267101062286606e+01 -6.745444529966876601e+00 5.305801324399268992e+00 -4.450649120169113182e+00 9.177940475615944393e+00 1.893529418694934918e+01 -1.525329890944313815e+00
1.907933234439640557e+01 2.924121407163336883e+01 -2.823343308406710150e+01 -3.666585009391113203e+01 7.518926641157069879e-01 1.714941431765627078e+00 -1.570211551670431227e+01 -3.393798536715403102e+00 1.565740201204334348e+01 -1.840824301620438697e-01 1.838339399361991200e+00 2.225739438506228041e+01 2.461701886222433522e-01
1.908634393176602728e+01 3.524391988232547135e+01 -3.318832966338820256e+01 -4.867409646772570397e+01 -2.455160474509274326e+00 -9.434970396110663460e-01 -1.762286727981032897e+01 -7.767716119586156154e+00 1.953570254118087135e+01 -9.574406734698994725e+00 -2.877087557821914388e+00 2.544488075918061298e+01 -1.252336385844788147e+01
1.910983716264694010e+01 1.999233318716665053e+01 -2.915442988709224537e+01 -3.995559676074418576e+01 -1.763734246495411639e+01 -8.653907753647047230e+00 -8.320257840985755493e+00 -3.043334056569846791e+00 9.116734761066956905e-01 -2.992383247170234295e+00 5.304734051818810414e+00 6.018223504278665814e+00 -1.269100330247203168e+01
1.905606300554958210e+01 2.163215914869096679e+01 -3.087960015728350527e+01 -4.308140746031309476e+01 -1.828103764194240100e+01 -9.060890521204445491e+00 -1.269894633912510429e+01 -5.270337234270864535e+00 4.070758036040307559e-02 -4.561098285014305809e+00 -1.192757687519241383e+00 1.520107373673958540e+00 -1.024317733215728055e+01
1.911629307420624713e+01 1.223001326179778125e+01 -2.980939732913473250e+01 -4.527458832297938329e+01 -3.093836155056055759e+01 -1.569449139711277752e+01 -1.120125692658789340e+01 -1.343125784169312631e+01 -1.377557527408739979e+01 -1.174362734414950538e+01 -5.582510043788665222e+00 -3.934964596903594014e+00 -1.150931335677341316e+01
1.915869208512211586e+01 2.203421991729400631e+01 -2.818003380149512793e+01 -4.706713319811198204e+01 -2.678293907452501443e+01 -8.958822879699907205e+00 -5.206735949496156479e+00 -6.943603746995573367e+00 -6.281046016947994026e+00 -1.059658569102075454e+01 -2.530868039535734582e+00 6.298887447088665326e+00 -5.140802587280100866e+00
1.938027515983344884e+01 1.876762534790709225e+01 -2.069594696679708790e+01 -3.281526072657200643e+01 -1.701138461852276862e+01 -1.869764740276054216e+00 3.553918107999032738e+00 1.698370593665442296e+00 -3.386515075459694213e+00 -6.668029752312796710e+00 5.096320805636764817e+00 1.409601739170746271e+01 -1.852344379570826094e-01
1.929530993305325381e+01 2.304535007019288173e+01 -2.407314006410652496e+01 -4.107522739295682612e+01 -2.916538882117108145e+01 -1.972310619872632032e+01 -5.777985580305997182e+00 3.633634491043172599e+00 -6.551155386887243637e+00 -2.097152466100668988e+01 3.728877690163264980e+00 2.959472654767411370e+01 1.008746835217747595e+01
1.880584147113834348e+01 1.669673204342871742e+01 -2.786599742111554434e+01 -4.836048926133963732e+01 -3.833532963067143129e+01 -2.570343729077932338e+01 -1.729936607026201401e+01 -1.083557099346214159e+01 -1.585031186408234127e+01 -2.644937771268710947e+01 -5.213418167266579140e+00 2.054484779854848142e+01 7.231502512258932924e+00
1.844459979143692507e+01 2.452092489089906380e+01 -3.510661795472444879e+01 -5.049482639918759475e+01 -3.394209956673696382e+01 -3.278589428718972698e+01 -2.103550500770618470e+01 1.750197144538555127e+00 -8.060890977136665470e+00 -3.390816182437741588e+01 -1.054279739146740624e+01 2.597181044454053378e+01 5.898121045044604216e+00
1.771240694548533412e+01 2.804161100291970499e+01 -1.984585346027488129e+01 -2.900688274072204820e+01 -1.100537736092145913e+01 -9.407558088253313855e+00 -5.357930455113267598e+00 8.134760853860047547e+00 7.014295965741304428e+00 -9.164961807864152377e+00 1.895917253157783700e+00 2.389026760384238912e+01 6.069417521115868297e+00
1.703585318018495798e+01 2.317089592764284944e+01 -1.676446825248014250e+01 -3.458967848411879942e+01 -2.189721236218830569e+01 -1.032890380532498220e+01 -1.020696226815725360e+01 -9.743331912673539819e+00 -9.352573802302334371e+00 -1.422313279105273587e+01 -6.206081184618871482e+00 1.013586486586238244e+01 3.862044445784312607e+00
1.647399188174194506e+01 3.993178110069190723e+01 -1.654569482683551129e+01 -3.967422075376360624e+01 -8.580921729252899866e+00 -9.319871146617611402e+00 -1.820936803712710983e+01 -1.023569011400407724e+01 1.219387220573790920e+01 -3.266598530364971253e+01 -2.235981050172524931e+01 3.270377788849705780e+01 -1.935820468045667431e+00
1.637227983647951390e+01 2.552800981802925762e+01 -1.926857325782718888e+01 -3.217652870211945526e+01 -2.113843887980753067e+01 -2.105426470826645158e+01 -1.765804028274454751e+01 -6.704350586908403464e+00 -1.626231150725290009e+00 -1.137048408308165648e+01 -4.537591459481894240e+00 1.523192532478802264e+01 7.332660538488902091e+00
1.715566594380851129e+01 1.914507111382969740e+01 -1.276791078748307484e+01 -2.332695242475308817e+01 -1.856830022478041542e+01 -1.100746256249581556e+01 -1.110704877604492130e-01 2.315130155749135277e+00 -1.121622183171877296e+01 -2.086647703839601320e+01 -5.952724203750382692e+00 1.106246227027163975e+01 8.915930326382714100e+00
1.780544747179238030e+01 4.339827564652870251e+01 -1.486644773122620400e+01 -3.022702041127731221e+01 -7.545161303570271372e+00 -6.968887929019349947e+00 -3.808401815965139381e+00 -5.581050052851790788e+00 1.472200505084517941e+00 -1.963450891314102620e+01 -1.710686087622987372e+01 2.894022974055065234e+01 1.294958113629900609e+01
1.798839720708842904e+01 3.318935502700121276e+01 -1.446131407618600662e+01 -3.307415592941039506e+01 -1.732082637966588479e+01 -1.619205541384005897e+01 -1.100656748543928387e+01 -6.283950815218740438e+00 -2.673618589021864445e+00 -1.873027144646644970e+01 -5.952388159742580065e+00 3.469034379946657509e+01 1.456551076604742434e+01
1.834281450652986578e+01 3.509820686451503491e+01 -1.719278004857736519e+01 -4.218976205946027846e+01 -1.378271956424919864e+01 -5.725080023806377483e+00 -1.172649295818537141e+01 -5.197294984424168929e-01 1.617954352628824566e+01 -1.790152701649539324e+01 -8.738758633671055875e+00 3.807897472662305205e+01 6.129000472086739038e+00
1.835944892283550089e+01 3.124028480924140538e+01 -2.467311866583948188e+01 -3.621153215150284410e+01 -1.411399897955450911e+01 -1.107408975641454241e+01 -1.060891799514694611e+01 6.980396815936884547e-01 5.638237550228673456e+00 -8.908382661994206586e+00 7.553270718129958539e+00 2.839633023356059027e+01 8.115724014225029759e-01
1.838204937154114660e+01 1.957974171425612298e+01 -1.941803219357842636e+01 -3.128710319728245892e+01 -1.793004366514790249e+01 -8.526316073623227965e+00 -7.949590233621037783e+00 -5.905652582812330742e+00 -1.514000233864841172e-01 2.647527851575748770e+00 5.036497564196911192e+00 7.534757971134833809e+00 -5.348095780481969541e+00
1.850904866595692155e+01 3.090578449145307260e+01 -2.350221059812978197e+01 -3.960932165515293946e+01 -1.387085309222483254e+01 -8.846646748220329259e-01 -5.716479307959307476e+00 -1.082918386626082885e+01 6.767997870432094665e+00 8.779740864143690260e+00 2.856278998974044470e+00 1.078781654462575190e+01 -9.565069733098916060e+00
1.832697385942030266e+01 3.846669286868183946e+01 -2.633537712498384664e+01 -3.815510090347643768e+01 -2.868708620388558561e+00 -8.965402134845405158e+00 -1.333477357128070473e+01 -1.269591353494181796e+01 1.494623281462136610e+01 5.496018040706314167e+00 4.534934189700434715e+00 2.372766876092968502e+01 -1.521530549091184703e+01
1.795958764479019010e+01 1.753277605162553243e+01 -2.716496853135598855e+01 -3.651115687664944431e+01 -2.122848238318544034e+01 -2.716842616169333979e+01 -3.561175295836812893e+01 -1.757313032868470515e+01 5.616939587384832677e+00 8.007061061975823790e+00 7.907097226524038902e+00 9.502346865141891641e+00 -7.042213276646434927e+00
1.729086526712114491e+01 2.225465853394882032e+01 -1.781570940994069474e+01 -2.715810970481139819e+01 -8.266354069797388959e+00 -1.459787190779813137e+01 -3.213480687537167313e+01 -1.427792171908229513e+01 1.422082073590709861e+01 7.827873292575976194e+00 3.775066210054356386e+00 1.705887303971834967e+01 4.486112890109805740e+00
1.736775893723938324e+01 2.159535136979907577e+01 -2.061818559149852703e+01 -3.070401805710068643e+01 -1.324147625563576902e+01 -1.807075260853489240e+01 -3.031847261026618412e+01 -1.555674706705957355e+01 6.324729842725308693e+00 3.758952155281939600e+00 4.663084934063520315e+00 2.073746611602458501e+01 7.622145497332070363e+00
1.701719323432992681e+01 2.055460789201114835e+01 -3.142306137647184627e+01 -3.847143073642823907e+01 -1.493761910816241922e+01 -2.941857449623213583e+01 -4.956741740234394911e+01 -2.551247770308131990e+01 1.126196853060787539e+01 1.197234592732831793e+01 1.573899581225675526e+01 4.199616374827884613e+01 2.673416972407131809e+01
1.625799160295224155e+01 2.989580028494824759e+01 -2.061867614110943947e+01 -2.712102621081911380e+01 6.407869245343802422e-01 -1.635504559579104722e+01 -4.750841980934200137e+01 -3.067341112445323503e+01 8.276664737338515820e+00 -3.991756879583671758e+00 -3.875498339048090379e+00 1.876528946953373023e+01 6.422225102872725522e+00
1.681568305359466464e+01 3.940143942233437713e+01 -1.144046151071192519e+01 -1.855038338164354883e+01 1.834558363143628057e+01 -3.929828762129448094e+00 -3.054357986441508999e+01 -3.599863418046619046e+01 1.082301738250221845e+01 -3.752631205999461983e+00 -1.570220002497638312e+01 1.686504213041073896e+01 -2.632677855633223540e+00
1.717232355875459149e+01 2.458238195799321701e+01 -1.322659228810306864e+01 -1.492291016261298431e+01 2.406156252551748143e+00 -1.520715002422765316e+01 -3.965495653963814249e+01 -2.953686369166098658e+01 -7.535906270979597643e+00 -1.021290525141528782e+01 -5.824110572206842029e-01 1.447689038504032588e+01 1.177104765138625275e+01
1.648407172156304767e+01 3.170301164615557354e+01 -2.574501099443024543e+01 -3.793017006690329396e+01 4.963583664832190934e+00 -3.030153679711604298e+01 -5.292940005579014695e+01 -3.562843653972703351e+01 7.441285367994507460e+00 -2.644078692354183246e+01 -2.610493191977767680e+01 3.587109536777332863e+01 -8.701880550841584849e+00
1.556976220358464502e+01 2.175132437317565959e+01 -1.786738287173390205e+01 -2.206286364654953402e+01 2.147201236435157146e+00 -9.438265948294256802e+00 -3.506852613630002224e+01 -2.568188925539174505e+01 -7.426444013348948658e+00 -2.488373058234797952e+01 -1.982947763683061737e+01 8.960618499122436020e+00 4.512370472430191626e+00
1.495681566318491029e+01 3.494746058233514674e+01 -3.002778184607500833e+01 -3.729474332802930547e+01 5.682160513438572202e+00 -2.201054126843413172e+01 -4.090432895749103182e+01 -2.783069656250404478e+01 -1.836692865485200166e+00 -4.086077070357794838e+01 -3.782776885445616699e+01 1.749382707709463958e+01 -2.027125398888612651e+01
1.478532901969362001e+01 3.070372858668073945e+01 -2.099545153388786645e+01 -1.199141308680012230e+01 1.860195773342773862e+01 -3.783495293711212071e+00 -2.552025967869200684e+01 -8.776095312333923815e+00 8.083634451487723638e+00 -2.016078005563992903e+01 -1.586021165645955477e+01 9.601541272112266157e+00 -1.378443539451280397e+00
1.516563492601559204e+01 3.078267907110393864e+01 -3.668880887970818350e+01 -1.540586764092583927e+01 2.407702990497844908e+01 -1.086775455163655657e+01 -3.233137656394045223e+01 -1.440322197796085035e+01 3.135482715802007103e+00 -2.433987676925612575e+01 -2.508159293259264899e+01 5.630909015354106373e+00 -1.295592283460200989e+01
1.609529952511359241e+01 2.796763909769149947e+01 -2.040856120650929384e+01 -9.780751550816782824e+00 2.456856919863273347e+01 7.900762902240556773e-01 -3.140532074901409487e+01 -5.624901526416488551e+00 9.771908698520594072e+00 -2.361067674189465393e+01 -2.454034872209378904e+01 2.264822745237590862e+00 -3.878309711399692272e+00
1.704943903031229979e+01 2.836826411075682230e+01 -2.742914370083238396e+01 -2.501239444621627328e+01 1.295899565621988003e+01 -4.458278008814729354e+00 -3.985310270398858989e+01 -2.802102734053458022e+01 -4.505671362039190164e+00 -2.765217685879547460e+01 -2.613961958151575971e+01 1.550523477938918315e+00 -6.106112164313606705e+00
1.719018165533202591e+01 2.959369114665912903e+01 -2.787290930858497262e+01 -3.053243502072025706e+01 -2.781234074745226985e-03 -1.196443168782563227e+01 -3.526734507293874543e+01 -3.434780967349486502e+01 -1.065957399796200633e+01 -2.288685613462308055e+01 -1.596617398916187369e+01 3.166680528748276879e-01 -6.509724384034193179e+00
1.762653829334804811e+01 1.945727461114946877e+01 -1.961375139212706742e+01 -2.467001388855091903e+01 -6.334201948194672305e+00 -7.378553646219361717e+00 -2.274461807045375394e+01 -2.829981043223643411e+01 -1.965631511025245004e+01 -1.534006168492640576e+01 -3.030014183497812486e+00 5.453665117440565702e+00 -2.652608155022007086e+00
1.803780414470380933e+01 3.062854275122097647e+01 -2.307291065648110262e+01 -3.831901036954885598e+01 -3.937265008680212119e+00 -2.503316576238366231e+00 -3.107108368729146619e+01 -2.806454965367270660e+01 -2.998413429847210043e+00 -9.872383378107732810e+00 -6.464654154800565600e+00 1.851987860718119450e+01 -9.334712187999844035e-01
1.812846331556801971e+01 3.652540354267448208e+01 -3.118735165385343677e+01 -4.102779969313603914e+01 5.350024980987592160e-01 -3.000029878554147267e+00 -2.408353108437746926e+01 -2.536809106189083352e+01 8.059050327079241072e+00 -7.586793983768982841e+00 -2.392240829686929526e+00 2.019558622567325656e+01 -4.573451217083806419e+00
1.833651889099996879e+01 3.338236189305332147e+01 -2.963516289483842314e+01 -2.690307884431299357e+01 3.936067441542888012e+00 -1.172847576889752386e+00 -1.892542380026276660e+01 -2.939540473532959197e+01 -1.140141366213279461e+01 -7.289752527707381802e+00 3.812883064870359551e+00 1.423696066231444490e+01 -2.491510025531221917e+00
1.845005576110401435e+01 3.971404613542767237e+01 -2.440605432508904116e+01 -3.698438192085744447e+01 2.004329747378752558e+01 1.533026612219084406e+01 -2.204370567681527149e+01 -3.580063945636975831e+01 1.020655033798788303e+01 -5.917442552164333236e+00 -2.112304574479992425e+01 1.809152052703408842e+01 -1.141890101140017322e+01
1.792592124348268712e+01 3.406136296791117957e+01 -3.196653759685751695e+01 -3.774860761758021965e+01 1.816439471948099893e+01 3.050396991647914557e-01 -3.803489784111769012e+01 -5.178127269635628949e+01 -1.170596513145332729e+01 -1.717538160265306502e+01 -2.329310193079336599e+01 1.488537925215449498e+01 -1.856526713043754029e+01
1.505934897337601441e+01 3.308052787014547391e+01 -2.286178771800025089e+01 -1.957069866779962553e+01 2.206420447864959655e+01 3.666145139876712200e+00 -2.036580491492363976e+01 -1.051398650736023832e+01 7.238853792167842194e+00 -1.959995073445560365e+01 -1.390219738735546251e+01 1.833707029799062127e+01 -1.120744242741295871e+01
1.477298709086374728e+01 3.383530003141387965e+01 -2.691503662926625751e+01 -2.850126876924099761e+01 6.145533519389965171e+00 -1.602164687998456927e+01 -3.937889936202872576e+01 -1.584860670929641913e+01 3.892059372842674669e+00 -2.363464567589263510e+01 -1.782467204103991776e+01 1.433256467995244776e+01 -1.106138024246599905e+01
1.483570599926611600e+01 2.988349440344759245e+01 -1.787115400788470865e+01 -2.187726677322276814e+01 1.262730560983176353e+01 -2.267475017685609995e+00 -3.043716044440492396e+01 -1.684136003763124734e+01 1.795853057795359975e+00 -2.286870663248503277e+01 -1.937590521755971906e+01 1.175892450092706198e+01 -1.636694585260737611e+01
1.419964256289394378e+01 3.646668805875975750e+01 -2.479673182303046630e+01 -2.049448239173847242e+01 1.577026319478392047e+01 -7.437073452550260200e+00 -1.603325316990220983e+01 -1.067620240231336659e+01 7.638844814054824184e+00 -1.572680831070762686e+01 -1.190786605463499459e+00 2.877607555541786510e+01 -9.898838455278317738e+00
1.433601146492075173e+01 3.234217222772613098e+01 -2.639325831278700463e+01 -2.841896811966325842e+01 1.369274004821133595e+01 -6.514175254431912698e+00 -1.949014884890422294e+01 -1.356077687435334411e+01 1.068113571734191147e+01 -2.527288964644422009e+01 -1.946787361571427866e+01 3.717853276392735751e+01 8.988721660221709042e-01
1.721752923466860352e+01 2.330518426951500643e+01 -2.462302350261377271e+01 -1.761485780726416905e+01 7.743276368094472062e+00 -1.376549773304639679e+01 -3.980568713317029506e+01 -2.358707480724385164e+01 -7.698328767047325272e+00 -1.550197771280727466e+01 -9.393796992044967098e+00 6.697969483927842305e+00 1.103783054006427067e+00
1.801472807554551991e+01 2.457142087833731026e+01 -2.785571399121302960e+01 -1.737691611854361540e+01 1.673561376592886063e+01 -9.698537679725783178e+00 -4.123529761391494475e+01 -2.150789801041222660e+01 3.076144353817591437e+00 -1.645881886436875874e+01 -1.189735255806337300e+01 1.411884854704215897e+01 5.963993430724624289e+00
1.826572246670236765e+01 2.523582429089508850e+01 -3.987418657150143275e+01 -3.155845181252388798e+01 6.898191810701982618e+00 -2.123069015603045884e+01 -5.679854123957057510e+01 -2.596866559615203585e+01 3.476606118526742506e+00 -1.781645554306444978e+01 -2.227650951490429421e+01 6.155114612239917626e+00 6.470695595909698561e+00
1.816415872853965752e+01 2.941586182286063433e+01 -3.731681571330307179e+01 -3.391895238492511311e+01 1.101014196123352029e+01 -1.647343744083449479e+01 -5.827203388705515863e+01 -2.938187436990820700e+01 1.066222862558728224e+01 -1.430404564058512307e+01 -1.746381162576878765e+01 1.128197098736903747e+01 6.711232318757313742e+00
1.782090761048895899e+01 3.074045385578775225e+01 -3.867425787997323994e+01 -3.296797240350876734e+01 4.055786054689684561e-01 -1.787629254800255296e+01 -4.574726120700614018e+01 -2.587102987521207353e+01 2.363698488580836088e+00 -4.007575603176956491e+00 -1.235275151273738281e+01 7.686236280695744938e+00 7.436946627913590291e+00
1.797216048339499395e+01 2.827769687790384978e+01 -2.718140797210318738e+01 -2.317987840587305115e+01 7.224382807943555918e+00 -1.004020981895357956e+01 -3.750209020855989195e+01 -1.894194429513328259e+01 5.992499074230831724e+00 -2.228588848650069121e+00 -5.458651956924623683e+00 9.501331893834498388e+00 4.527679290718587879e+00
1.809559271363601951e+01 4.211782468423277948e+01 -3.342704177296412382e+01 -3.491442479766282503e+01 1.350687904383964622e+01 -6.909548893307623452e+00 -3.012529097894002916e+01 -2.867931013696668785e+01 8.622726051214646859e+00 -1.993298757785069153e+00 -8.919631705539226019e+00 2.750515334011291202e+01 -5.888901412694229620e+00
1.836273149711086461e+01 4.127603653694421837e+01 -3.023739297892721822e+01 -4.899859259531399402e+01 -2.189910003340623579e+00 -4.136709546421792894e+00 -3.324285303641255496e+01 -3.462610372687419158e+01 1.098144110953418640e+01 -9.062436118469189950e+00 -1.343113921293957347e+01 3.452152426371717553e+01 -1.541672348607888043e+00
1.885676919367985604e+01 2.076095927241992101e+01 -2.433521035482515771e+01 -3.671946384067123859e+01 -1.836484327119748983e+01 -8.848974944876424331e+00 -1.433474947587180282e+01 -2.173454488444874855e+01 -1.809899113611367838e+01 -7.892280111071823256e+00 7.602973767056500520e+00 1.414406254999964929e+01 -4.076798424101126805e+00
1.925373609010802767e+01 3.072939707568502499e+01 -2.650836968916738812e+01 -3.501650207998654452e+01 -5.690181955310650963e+00 6.418956608400959718e-01 -1.582232700553230620e+00 4.332854228090335269e+00 -3.401646533981616205e+00 -1.427185906368324098e+01 4.695521285406933920e+00 2.365140913615701024e+01 -1.383917479306090437e+00
1.943140943499492934e+01 2.735197846137268485e+01 -3.108151630056885750e+01 -5.594285910613769630e+01 -1.978513061316096611e+01 -3.736000838556408521e+00 -2.151620374812888059e+01 -1.675890730601179612e+01 -2.762890400344319541e+00 -2.559895777468660327e+01 -1.327676742476786842e+01 1.827974849511787880e+01 7.527658922332499669e-01
1.927229352344550151e+01 2.551296802423422250e+01 -2.204524841465494234e+01 -3.033759602920277842e+01 -1.141670264750371366e+01 -1.439582002602193267e+00 7.280958027697187473e-02 -9.178703619168050443e-01 -4.975044018839592574e+00 -4.789304797332367691e+00 1.231663914620526512e+01 1.467040436294543682e+01 -6.197051657257729218e+00
1.910752535359621618e+01 2.605053217908378471e+01 -2.219321268703911443e+01 -3.078959838099812529e+01 -6.508696721703420174e+00 4.788432119376538232e+00 7.521018521881608354e-01 -4.478622466564602611e+00 -1.152170070790792256e+00 2.804507411543985196e+00 1.008507455756179994e+01 1.257936946934436406e+01 -5.723477251744904848e+00
1.858905247770645985e+01 3.841396171749415345e+01 -2.932467518252814287e+01 -5.520094954803291643e+01 -1.388515009541457523e+01 -6.457666426379750746e+00 -2.871604739138760820e+01 -3.435252531908405160e+01 5.184668116529087989e+00 -6.116927910711934757e+00 -1.563238409485164482e+01 2.368798177238217306e+01 -6.056513130639395115e+00
1.817513915216503051e+01 2.480285082326683010e+01 -3.145956446444315446e+01 -4.882578451178112289e+01 -2.617191679972022911e+01 -2.233312936247729397e+01 -3.287063298700761749e+01 -2.828709794205504835e+01 -8.851990354569672093e+00 -6.649590051435633420e+00 -1.559442067269665166e+00 1.200661366668470365e+01 -1.606926347937674748e+00
1.710064632761775627e+01 3.088552184352021968e+01 -2.743553631038127705e+01 -4.183745390750961946e+01 -1.567105873712514530e+01 -1.919466882460785584e+01 -4.017607898565945845e+01 -3.959101143943710355e+01 -1.124008372197430283e+01 -1.455887615580726724e+01 -7.747816194291184289e+00 1.035219288737009435e+01 -1.010482819085470396e+01
1.609396361295972611e+01 2.399185213138121497e+01 -1.793916436801305281e+01 -2.268248121723641120e+01 5.526068240283670274e-01 -5.512282091124910188e+00 -2.840725732648803614e+01 -2.747535308566776280e+01 -1.194168628177417801e+01 -1.432108101668253397e+01 -7.334145128087384613e+00 4.528268790048039172e+00 -6.518355067026879723e+00
1.541995383093546756e+01 2.324070341905223458e+01 -2.129682569431879102e+01 -2.617622136391135257e+01 9.296252204576403999e-01 -3.699422206397102730e+00 -2.611919549613190128e+01 -2.183823798614094258e+01 -1.107185336880766791e+01 -1.888836123633459607e+01 -1.297529806169285571e+01 1.302346878038261879e+00 -4.996614174061368097e+00
1.531122087148435362e+01 2.965237634752913820e+01 -2.098421333129754984e+01 -2.466472165829771868e+01 7.644968986132949951e+00 4.065201726210277755e+00 -2.518549279518186523e+01 -3.138895730436015441e+01 -1.168279213606924571e+01 -7.449774163249180958e+00 -7.587644468411395282e-01 9.808454098715948533e+00 -2.967318292207272279e+00
1.551843455093439950e+01 1.538059471455963489e+01 -2.558224960256126224e+01 -2.244547318040283557e+01 3.841235444512991482e+00 -3.015150919842992661e-01 -2.790285708287562727e+01 -3.629407094453690519e+01 -2.016938719416631898e+01 -4.903856265482981591e+00 2.331824896451381246e+00 8.852997309243956892e+00 7.973362769972935027e+00
1.539963022326306863e+01 3.979229706163391711e+01 -3.485728447043278067e+01 -3.301270346861437588e+01 2.359881495513379690e+01 4.097575295345635915e+00 -3.615912794498365201e+01 -2.631846444163540610e+01 1.029697823816367297e+01 -1.043008939136610413e+00 -7.961510602560777805e+00 1.088540487250508271e+01 -6.181341514384993907e+00
1.609231847449548880e+01 2.373725329519243132e+01 -3.490068381741904346e+01 -3.011590521804269471e+01 1.699720480408907264e+01 1.156745348691871911e+01 -2.727066507892513059e+01 -2.758079846577278715e+01 -5.532947047884666070e+00 -1.897733084101426382e+00 1.929743409168648949e+00 8.128640882645491672e+00 1.356806239401638470e+00
1.591044553939350692e+01 1.425041454367781668e+01 -3.256015977761044411e+01 -2.765042704513878746e+01 7.043158717231532862e+00 6.838015449910135324e+00 -2.211792000689473525e+01 -2.791372211115649549e+01 -6.113194278524382241e+00 6.556677718238499430e+00 5.171228636254654454e+00 7.138260249356318532e+00 4.735281303064675207e+00
1.557336610223463502e+01 1.192059934877400629e+01 -3.668537377643999520e+01 -2.600113582661334632e+01 1.019026005508072785e+01 4.849870859679834112e+00 -1.780738717036740937e+01 -1.430182237402701517e+01 -9.805552334387061808e-02 -2.287592850005887024e-01 1.918920787005017559e+00 7.005188989475129802e+00 2.168244115502557356e+00
1.585155966366696312e+01 1.917697621206356828e+01 -3.936571466982572787e+01 -2.328153648456987312e+01 1.737605705575201398e+01 4.171268979951662459e+00 -2.598874458121215980e+01 -1.909891952047859220e+01 1.292797127359621490e+00 -1.712965056898789751e+00 -3.859603518889759055e+00 3.177931401999784189e+00 8.346590517955128075e-01
1.567987161307222976e+01 2.193896977795479941e+01 -3.324427884578499004e+01 -1.878933833132266429e+01 1.613001947807024550e+01 4.522804632938843383e+00 -2.822435689782970059e+01 -2.447570532565786294e+01 -1.735857735230398324e+00 1.042785435129446547e+00 -1.163635788682071848e+00 9.640222924458031528e+00 1.242368417116152379e+01
1.494103070323767035e+01 2.245554439718012318e+01 -3.313444836783182268e+01 -2.624074272570326016e+01 1.207729268560038172e+01 2.265280091744775959e+00 -3.023566510470304181e+01 -2.565051227692370261e+01 4.328273121307154581e-01 2.471281203472260657e+00 -1.788027086567398616e-01 7.509411421690950661e+00 7.010945164010434993e+00
1.561749691916533855e+01 2.571337001677471790e+01 -3.331337730242859863e+01 -3.471090034336025809e+01 1.363848667065878040e+01 8.223572721441874123e+00 -3.555394602821569805e+01 -3.340163858679716924e+01 -2.182205974748294697e+00 -4.863036748105810325e+00 -1.245980413647511575e+01 4.613223098710601988e+00 5.602582220017530368e+00
1.642565780904109474e+01 3.347401824272116500e+01 -4.082825024330889363e+01 -3.334624106310875646e+01 1.949271619230199093e+01 7.125846093269891490e+00 -3.066713402883089401e+01 -3.748335837390080627e+01 -1.480232630862649934e+01 -2.124979254501841197e+01 -7.520185512025257424e+00 1.868623402338403139e+01 1.122730396263723485e+01
1.586646290007083060e+01 3.388007301785289371e+01 -3.906560606283860437e+01 -3.903568286152905387e+01 1.073030411926742644e+01 -4.709595160262666447e+00 -3.452411814757955710e+01 -4.094985379605383713e+01 -1.113508485364378586e+01 -2.417147458628798873e+01 -2.019440782999433637e+01 2.537140084659628059e+01 1.403681939215255881e+01
1.489016283724707712e+01 3.194328728993511035e+01 -3.167119871161176903e+01 -3.221801852828654233e+01 1.523204389024959049e+01 1.674163584542330385e+00 -3.087803942984718475e+01 -3.190665302693029304e+01 1.131965676686451372e-01 -1.734125422549030304e+01 -1.485574710964160694e+01 2.360544929976211392e+01 1.855366338530289738e+01
1.433553218719359990e+01 3.209834268472631180e+01 -2.662904750736084480e+01 -2.781843677555851357e+01 1.654233985841574395e+01 2.630271346114054776e+00 -3.146456887042052841e+01 -2.297331279281998206e+01 7.861019168305943161e+00 -7.973683572611073522e+00 -1.851936032499793328e+01 8.076323836861963201e+00 6.915936428733955310e+00
1.426715293145539398e+01 2.769593334694130959e+01 -2.038539773387536158e+01 -1.769696395375933307e+01 1.173740952660531178e+01 -5.166420028033166467e+00 -4.115099719245161936e+01 -3.968732746654318788e+01 -8.814862314081912231e+00 -5.880923530742400374e+00 -1.481892045052863871e+01 -3.874954161522475182e+00 4.094946050250796610e+00
1.402551788611794059e+01 2.952900667123575928e+01 -2.711412913615033915e+01 -2.603475232196871758e+01 8.096339279618630869e+00 1.191303114223476900e+00 -2.946310477136223227e+01 -3.586079829625256821e+01 -1.344212847293698943e+01 -2.244083860501069339e+01 -2.929843738426716371e+01 -9.195401712607043976e+00 -1.433609796435363071e-01
1.387849229852634281e+01 2.345727680980036922e+01 -2.682393309306334928e+01 -2.893775474902298583e+01 -4.202603132959882970e+00 -1.789556238110021624e+01 -4.020161068596773646e+01 -3.224717440916289490e+01 -1.598103471865704783e+01 -2.165077439023760775e+01 -2.304803073769461008e+01 -1.257443673995275546e+01 -6.716369378907830701e+00
1.407426420856064908e+01 3.720117585825051520e+01 -2.247575892801996389e+01 -3.054930512057786629e+01 8.300152732822303037e+00 -1.935418431267409645e+00 -2.811687938061254499e+01 -2.637747717143832560e+01 9.276216142497389683e+00 -1.547783531082022712e+01 -1.990073033921051504e+01 1.315168433270298820e+01 -1.238702794157410247e-01
1.406235436049388454e+01 3.860732136666010916e+01 -1.979127904281886075e+01 -2.423151785560887106e+01 1.211761104074235007e+01 -1.113173306498872694e+00 -2.362482384024835369e+01 -2.537015121295452857e+01 6.227110656881015061e+00 -1.291548084803410745e+01 -2.295664755628398268e+01 1.457456913575152413e+01 2.861553416691409168e+00
1.407182482486551933e+01 3.316643885548786130e+01 -1.856194784476663528e+01 -1.797869279983514446e+01 9.502183569422614440e+00 -2.118580468487003987e+00 -2.339677118123539046e+01 -2.480722902611186242e+01 -4.811467727119786097e+00 -1.376590323637951307e+01 -1.220285204387938727e+01 8.318667374307064932e+00 -2.524376872918139281e+00
1.422622431272245613e+01 3.551481508900827322e+01 -2.078685405108016582e+01 -2.106161649809113356e+01 1.117569219787422163e+01 -3.393760555733487116e+00 -2.673129385885721376e+01 -1.690304559869474232e+01 -9.173623643839042829e-01 -1.668914172457275313e+01 -1.623992112954120159e+01 1.665502380288580753e+01 3.267302886161167041e+00
1.415343984488905704e+01 3.326444927704820742e+01 -1.685276335185814389e+01 -1.952943097092007463e+01 9.833167039633178064e+00 5.249036449755234202e+00 -1.978436308763519236e+01 -2.141400407007747475e+01 -5.104571825085955084e+00 -4.382431395359606796e+00 -6.101437920092060097e+00 1.126676031460927518e+01 9.731648537902136908e+00
1.398180246460802145e+01 2.500935206469322125e+01 -1.506274770296953847e+01 -1.842420186261060877e+01 8.743973383474008543e+00 5.437693145920945881e+00 -2.164363851818296069e+01 -2.121968180822394245e+01 -5.815040131709389826e+00 -7.759125981166451247e+00 -6.744489899459269466e+00 1.072802731282361144e+01 9.950097636541087809e+00
1.441973125411754530e+01 4.066630281587410423e+01 -2.444571068109369705e+01 -2.103584104980671654e+01 2.735871442723258440e+01 -9.250674715781730839e+00 -3.638985200617260318e+01 -2.190757180741509558e+01 2.698920527556749960e+01 -4.812068508430185965e+00 -1.634603412865811478e+01 2.996423641825096240e+01 -3.930450945341083191e+00
1.507235352217690227e+01 1.826159359437602347e+01 -2.728415286268767659e+01 -1.184499019341878956e+01 1.265182595351531525e+01 -2.039267738492591775e+01 -4.498497838778873614e+01 -2.095633895302063010e+01 -3.431967758603899465e+00 -2.287543105320347792e+01 -1.482902080618788432e+01 1.559468433780631180e+01 8.743161334789880001e+00
1.552050124371006135e+01 1.191454814468115764e+01 -2.531770003937359448e+01 -5.356998327031718965e+00 1.272666609978082697e+01 -1.995392231631284474e+01 -3.707562657895868341e+01 -1.141998112016806033e+01 -4.752880986572098898e+00 -2.750123370577926352e+01 -1.805715987388360944e+01 9.106876954862784146e+00 6.844624886848376555e+00
1.575539298907240848e+01 1.723403128048490274e+01 -2.440384877856453727e+01 -2.480206314326112604e+00 2.471850685057155417e+01 -1.231121472716555054e+01 -4.158166626960623802e+01 -1.891656494886758466e+01 -1.918668039601423292e+00 -2.433095763758236885e+01 -1.464942844801551480e+01 1.932646132428650532e+01 1.369962794337752143e+01
1.639035597344490824e+01 1.643722054258578069e+01 -3.214822634711163829e+01 -1.013018846064633038e+01 2.307557665514628198e+01 -1.374480819544200827e+01 -4.944545973367102931e+01 -2.633460766126567165e+01 -1.036873334365449395e+01 -2.760308413573815045e+01 -1.740773106719063534e+01 1.353826473867817271e+01 7.130753985546674834e+00
1.620875021571718477e+01 2.572444859317739940e+01 -2.545197287044218726e+01 -9.392675444831711573e+00 2.864280351752490006e+01 -1.201131122019913455e+00 -3.469927006234151889e+01 -1.868784278426150181e+01 2.996483173478615925e+00 -1.140220581278942724e+01 -1.344322598868792795e+01 1.359176050988374840e+01 2.770774289759510012e-01
1.570325353084035669e+01 2.488104024006341319e+01 -2.567018565918028017e+01 -7.864390787075052458e+00 3.152341307731539288e+01 7.160435738138739126e+00 -2.785746736845432991e+01 -2.241907481849892037e+01 -7.899172308169881696e+00 -1.751488376952496395e+01 -1.227461763073155332e+01 1.042567956592452560e+01 -3.038745815015185592e+00
1.511375610484621568e+01 2.059895621071630956e+01 -3.668594074967161589e+01 -2.785603720314319176e+01 1.691539655824133703e+01 -1.458370669976063239e+00 -4.816783577317440290e+01 -4.684873947182453691e+01 -1.355025208388411428e+01 -1.919015247857985074e+01 -1.764462855598903346e+01 -3.853061109926246841e-01 -7.391440446737070680e+00
1.527666555151460592e+01 1.917679485369941972e+01 -3.161681877180980393e+01 -2.239114473031058594e+01 1.707380602831186067e+01 8.523890671334465097e+00 -2.501569896455793796e+01 -2.610831530502050413e+01 -6.986826556567150348e+00 -3.933314345801693257e+00 -7.350291983902108583e+00 1.296448832085497660e+00 1.776548176765552878e+00
1.686645618726437590e+01 2.444894024981309855e+01 -3.754387026358599400e+01 -4.567242081196459935e+01 -9.092498673649993535e+00 9.931562901241993702e-01 -1.554815810779739671e+01 -1.591345483333204669e+01 -5.023677646598279978e+00 -2.955299715466257471e+00 3.320399114940819185e+00 1.228966301456981292e+01 8.805638468806581187e+00
1.696819168630373653e+01 1.367440095971354985e+01 -1.868978250157916676e+01 -1.702000448976009395e+01 7.631598297565917122e+00 9.764559200817469531e+00 -1.280078391601924004e+01 -2.146548645457239246e+01 -6.222222243853729573e+00 6.421837458645961227e+00 4.547454876381791244e+00 -3.364788769094444909e+00 -4.793726454159791039e+00
1.756815664698869028e+01 2.717764684008867349e+01 -1.873395655133201032e+01 -3.236128167784875842e+01 -9.328319483119987154e+00 -1.352480090444014138e+01 -3.895033692549447579e+01 -3.659041151981468687e+01 -1.416153204829596390e+01 -1.098134535304900794e+01 4.445078941919196058e-01 1.544290236785505321e+01 -2.764620685800406097e+00
1.821533083811697296e+01 3.208652711166919147e+01 -2.570213100432042452e+01 -4.085494539219383370e+01 -9.733260839117560792e+00 -1.602808327952061518e+01 -3.401576725372995469e+01 -2.943848013085627358e+01 4.956863017562342044e+00 4.129851235235202367e+00 7.695942625682590688e+00 2.874472320626111710e+01 3.390168393249551659e+00
1.862633991801938649e+01 2.451637571210191169e+01 -1.679580416339842230e+01 -3.323930158289325476e+01 -1.471058650599832518e+01 -4.671787846004406219e+00 -1.708316676292000480e+01 -1.550891273986345631e+01 6.647132729283319996e+00 1.656564369204348353e+01 8.185497056156986417e+00 1.303603157071457019e+00 -1.209319471775884614e+00
1.889314392432164169e+01 2.998627963428594967e+01 -2.176308051019487877e+01 -4.048749845421060911e+01 -1.221817098409236912e+01 8.893795501083529009e-01 -1.215995169238204276e+01 -9.018968341155245483e+00 1.661687095045257578e+01 1.421697859625423277e+01 1.267341136676318092e+00 -1.110686402617928392e+00 -8.142165557977799395e+00
1.918955224737862864e+01 3.326495699775198034e+01 -4.056020369914762114e+01 -6.024012964392031222e+01 -1.457426006430927323e+01 -7.089907180793914243e+00 -1.856910686732404514e+01 -1.128503683243134326e+01 3.072347775031587958e+01 1.252123157913508678e+01 -1.954433313186913423e+01 1.793734195020395106e+01 -7.048960607445181603e-01
1.904252156977315380e+01 2.501722111407779536e+01 -1.474907775872846294e+01 -5.082302279740223128e+01 -2.872466900035540061e+00 1.587380004382022536e+00 -6.210184051569277663e+00 6.460000106296740263e+00 1.748257412724199256e+01 3.335621964608370238e+00 -4.356289349178374515e+00 1.350286844443220780e+00 -8.840414428526313984e+00
1.863991620859585296e+01 2.051859338818513478e+01 -2.585777936468142002e+01 -4.475111303082677239e+01 -1.026736926269987471e+01 4.619801831138683035e+00 -2.570969199198046784e+00 -1.061458316734463336e+00 9.517646308908618735e+00 1.458578519549826646e+00 -2.739585400501380441e+00 2.380260128129175978e+00 -3.733891929256272224e-01
1.862699565354434483e+01 1.867577931902671295e+01 -3.887817936359772375e+01 -5.341170347446028188e+01 -2.261309461229184947e+01 -6.575151011705519188e+00 -9.314484859313971299e+00 -6.359747624140355882e+00 -1.779088246930470962e+00 -3.884740712460603707e+00 4.197101224519789398e+00 7.573308956136550307e+00 -7.990246867060178323e-03
1.881151527209929242e+01 2.567933430625152269e+01 -4.973303875111029981e+01 -5.828510313839839085e+01 -2.202719143229821341e+01 -1.018216068979474009e+01 -8.961266351147585851e+00 -1.473667885793576815e+01 -2.369879318652372557e+00 -2.990764142570144113e+00 -4.270746261487885498e+00 9.981735601690752802e+00 -1.190628106987823065e+00
1.921149632227010429e+01 2.824099818146697416e+01 -3.346929994281462228e+01 -4.006045356755321052e+01 -6.480491671731134495e+00 8.451071126748304962e+00 1.620199649017366905e+00 2.598109165150558897e-01 4.547491607125574653e+00 1.162709068698243170e-01 -1.628528167983824826e+00 2.559325365071009273e+00 -2.072132856771982390e-01
1.937768085610331070e+01 2.943407541043337616e+01 -4.749438903549337709e+01 -6.225852280517600690e+01 -1.127197615453927604e+01 3.109768223496438999e+00 -1.323251392467210152e+01 -8.622097071445484318e+00 7.679767196746446700e+00 -3.766476875038472727e+00 -5.780414471544743193e+00 1.203430171581608477e+01 6.220287075096001317e+00
1.883831049283529424e+01 2.707501422353938736e+01 -2.661813561063803135e+01 -3.405086651806190190e+01 -4.671894336967525874e+00 9.542118659652338408e+00 1.116004682595123976e+00 -1.680030595392389303e+00 5.863579869408297895e+00 2.644804368793991056e+00 -7.565634764364327358e-01 1.098999089224979908e+00 -1.629038748648151902e+00
1.827850924624688034e+01 2.674419082152846983e+01 -3.712630458504042963e+01 -4.452866045678646856e+01 -1.146052659565787835e+00 7.628410217621130585e+00 -9.724259450311944164e+00 -6.083711680248732101e+00 3.720548950880121275e+00 -8.302194678307349918e+00 -1.220691040364809155e+01 8.344831379065892563e+00 1.020345411083788401e+00
1.867182057760390990e+01 3.016921579569667955e+01 -4.209451855220818572e+01 -5.495337386365771692e+01 -6.491504472750773580e+00 6.219807163757720581e+00 -4.759864764146554350e+00 -4.078375650741429825e-01 1.296018263179953145e+01 -1.323788434581568829e+01 -1.557376613023634171e+01 1.279964908714189065e+01 6.071865221270539514e+00
1.857903447396980923e+01 3.107985683289837553e+01 -4.277757793507112893e+01 -5.490386044353642347e+01 8.829292908551887864e-01 1.063374605402137085e+01 -9.853747567960864373e+00 -1.227539045246162086e+00 1.275539906282092240e+01 -7.173207445947970662e+00 -1.303644667446142158e+01 1.575392958195437387e+01 9.871818810830623292e+00
1.794128036485613009e+01 3.622385610504080233e+01 -4.239748798110044703e+01 -5.327413031862460002e+01 1.012681086641555428e+00 -1.503945810510045389e+00 -1.412497647994040761e+01 -5.796195372521792066e+00 4.315100594717265814e+00 -1.291986335848341305e+01 -2.156085373262592242e+01 1.214913728940940452e+01 1.005381548298896632e+01
1.824957978158143845e+01 2.124087125734522985e+01 -3.648690805879839871e+01 -4.749247996964564322e+01 -1.056377905178317000e+01 3.244232199500232561e+00 -1.051863958312608638e+01 -1.456849129714224134e+01 -8.105296383199686261e+00 -1.232398070535545820e+01 -8.402508152701457789e+00 8.341685660710023598e+00 4.126377891586148650e+00
1.819512028137076598e+01 3.030845656807446176e+01 -3.289109647881776510e+01 -3.680598306704263223e+01 1.622581273839985017e-01 9.711426439143888700e+00 -5.425979652945673415e+00 -4.100753685838168572e+00 3.481466605339786913e+00 -1.332774733549527135e-01 1.673425902748854943e+00 8.409475837881926097e+00 9.960991456614769479e-01
1.794122413417803941e+01 2.221227734925036401e+01 -3.150634872360704364e+01 -4.395149090602343733e+01 -1.425454777839964393e+01 -2.403221008220735477e+00 -7.723100448134190721e+00 -1.380378008416769164e+00 -8.390971252664728430e-01 -1.244668090541650507e+01 -7.357462394959530805e+00 8.872339779874010901e+00 2.797080207042055733e+00
1.775313933724778437e+01 2.129873801598338900e+01 -2.222320437301118901e+01 -3.764188058482294252e+01 -1.529307487325439219e+01 3.154165560693754422e+00 -1.510447703231564187e+00 -9.024781587596091725e+00 -4.687078726904981174e+00 -2.112938091942636376e+00 -1.442631867837143256e+00 3.053969647168437884e+00 4.870349229489796983e+00
1.664033692647950957e+01 2.781975079403412465e+01 -2.560933657857152213e+01 -3.906692972225494032e+01 -1.312380525015143640e+01 -6.897427380620176685e+00 -2.051067834405579049e+01 -2.176403082348112505e+01 -1.574634670402118353e+01 -1.251712568507182688e+01 -1.484894743459911348e+00 1.325809715483915241e+01 -1.227847723719768247e+00
1.620142733592064488e+01 2.662086576241719627e+01 -2.779760156465227894e+01 -3.866459938522810091e+01 -7.778377729795141526e+00 -1.833967419989872838e-01 -1.787432418645841992e+01 -2.525650605620824507e+01 -1.694965222675337202e+01 -1.224027249106201154e+01 -2.657770029756632901e+00 7.512133837055516850e+00 -3.067191322637565776e+00
1.549634057571121204e+01 3.264255757934520830e+01 -2.428913220234744941e+01 -2.384143947336039204e+01 5.367934359848758774e+00 1.330144956688666547e+01 1.149914366983480152e+00 -8.556019598611506183e+00 -3.983336859852987022e+00 -1.102128464120022677e+01 -1.147806314789355575e+01 -5.594719694145727118e+00 -1.245618355977834746e+01
1.592769152290622259e+01 2.870974852332142646e+01 -3.011757566098496497e+01 -4.585959444659125950e+01 -7.655849730862766656e+00 3.696111820293633166e+00 -1.618037639541163841e+01 -2.628267035790945627e+01 -2.431750609044994249e+01 -3.829396009153942515e+01 -3.456219545923258352e+01 -5.535561971989960028e+00 -6.428721640846037033e+00
1.558899111141456473e+01 3.155577619230810882e+01 -2.306773653011394032e+01 -3.066070245713503795e+01 6.376593100828547023e+00 1.790662856268987468e+01 2.704309655914409305e+00 -7.990889921337506863e+00 -1.392607621586666866e+01 -2.375876511238141831e+01 -1.794885242344143350e+01 1.016356665768350487e+00 1.327597407410364694e+00
1.487209006710498649e+01 2.638513535987515013e+01 -2.190041261708551090e+01 -3.186045852010051149e+01 -3.686334133604284524e+00 8.704098145232356032e+00 -4.934493731225839674e+00 -1.447129974017925313e+01 -9.757917601427655185e+00 -1.146853639225287047e+01 -1.913141290141921402e+01 -8.840851343771468862e+00 -1.162663353934562771e+00
1.459448427138369198e+01 2.480609823833908223e+01 -2.865484521010725061e+01 -3.994427784035816842e+01 1.318129509233731067e+00 1.873360152158019432e+01 -1.751962669368544390e+00 -8.791056812885436500e+00 6.630005596397326784e+00 4.712933761653623765e-01 -4.254690953318996272e+00 4.815450586736445437e+00 3.534589337879566084e+00
1.389498900442954366e+01 2.529247476148132279e+01 -2.504002393381498592e+01 -3.415209971202587269e+01 3.016047353491644767e+00 1.349980822485262344e+01 -5.919869195006972618e+00 -1.248464472405174952e+01 -2.038036680130065559e+00 -6.872662107052074809e+00 -1.171930086531913240e+01 -3.077879432873977805e+00 7.464755046908798874e+00
1.278381398660173396e+01 3.574333192314546892e+01 -2.835785438955968374e+01 -4.301678897168594773e+01 8.311205683952788803e+00 9.008315775884067733e+00 -1.957630030717801972e+01 -1.390052942790269874e+01 2.311145727400821315e+01 -6.406104848427609078e+00 -1.562522055334833482e+01 2.055712615937365939e+01 1.321517177106461993e+01
1.222302268361500488e+01 2.389489659267066557e+01 -2.329800103289129254e+01 -3.124678600579061438e+01 -5.305698821031051615e+00 -2.498331216676544564e+00 -1.004421123702294949e+01 -7.466842911685480644e+00 1.093565549092251388e+01 6.508251939544551057e+00 1.664119475975418316e+00 1.453473297183696467e+01 1.871882176560749045e+01
1.204589419691061103e+01 3.839757043572412698e+01 -1.249905496961376450e+01 -2.977986901639647144e+01 1.061088180409981874e+01 1.003050877678679065e+01 -8.691009016078204752e+00 -1.215177872055757824e+01 1.350712407145773675e+01 4.531764833074559462e+00 -8.476446231306736578e+00 -2.546347133481161595e-01 -6.437970608635415815e+00
1.208111652490402932e+01 2.915850716073072846e+01 -1.783797933066604813e+01 -2.135447421126901801e+01 6.556436488983086619e+00 5.582610340170233165e+00 -6.122662733991303341e+00 -1.934159318254523363e+00 7.381022433355518331e+00 -6.878378896784391294e+00 -9.668215732380746275e+00 3.351933835531839545e+00 -2.425744690931528780e+00
1.160542290472322335e+01 2.867752093626931753e+01 -2.112649672768172238e+01 -3.000726779839141400e+01 2.384350850613513373e+00 -5.600088601067821692e+00 -1.956602889584373628e+01 -1.316811862101380193e+01 3.172610595382128640e+00 -1.622458803569448094e+01 -2.264659516248361371e+01 1.570919126807729160e+00 -3.002061373642550546e+00
