2.385840835184833608e+01 -2.265256437701352255e+01 -3.115041301624697923e+01 1.898755855385633851e+01 1.465306397219310774e+01 -1.663936035214443621e+01 -6.277875627695789218e-01 -2.729059353126624288e+00 -6.829140554383336337e+00 1.353007527180698943e+01 -2.126516330283589440e+01 1.150191212161985987e+01 1.087431324712738245e+01
2.440590091912620707e+01 -2.768870944784655919e+01 -3.010744350363983202e+01 1.644648634852112323e+01 1.267481318220749564e+01 -9.455065972162771004e+00 -1.453141293319946215e+01 6.224671993415792137e+00 -3.702982965268159621e+00 1.215455633787759027e+01 -1.259935758689820595e+01 2.420937212594678201e-01 1.635405575284142898e+01
2.359717156644402536e+01 -7.097908278570619345e+00 -3.743569968253171254e+01 1.205729834914742860e+01 2.072349394528080424e+01 -1.823324763061229348e+01 -2.448626252826751948e+00 -5.964808332472338215e+00 6.657513876333980285e-01 1.500018503987906371e+01 -1.979919782693461272e+01 -3.990959738761813647e+00 1.925736635260025409e+01
2.349141894517598672e+01 -2.471198962494829132e+01 -5.015845188571015001e+01 7.883449031968414289e+00 1.897280995673107640e+01 -1.449669752715297122e+01 -2.690383643387755441e+01 -1.363520985031191479e+01 3.676101396115954989e-01 1.543261387705896226e+01 9.418175091930552911e-01 9.448716668713288414e+00 1.824447134479232346e+01
2.228539321473370194e+01 1.294614822834852408e+00 -5.250703942031515936e+01 1.810768819691194764e+01 2.262080785014740059e+01 -1.129070973638084219e+01 -5.250802600997780623e+00 -1.040735355161405273e+01 9.289399592718066145e+00 1.517172071668514022e+01 -2.145058679537350699e+01 -3.218051890374796997e+00 1.525603788050851861e+01
2.097749272847294222e+01 9.002225377088535652e+00 -4.432181460949132656e+01 2.053639445122079010e+01 2.150894075918396808e+01 -2.202217232338947284e+01 -1.489255487818778789e+01 -1.245578839100434720e+01 -1.623256306758476875e+00 -4.891729604051338609e-01 -2.635731473699825145e+01 -9.396863459693456377e+00 2.972168038426511671e+00
2.208276286860454363e+01 -3.445584537184437579e+00 -2.745985007178159876e+01 -2.057911658396471832e+00 -4.477663273259565813e+00 -7.891834864968260810e+00 -1.053578277072444180e+01 2.354542026800837462e+00 1.290605425984527166e+01 -1.868019258376743963e+01 -2.760884598485225538e+01 -2.412187210740770738e+01 -1.633766640304789419e+01
2.300511060238975247e+01 -1.302423195216823082e+01 -3.402261987993786363e+01 -6.244885994651966143e+00 1.788477672232432925e+00 -5.964368635875633373e+00 -2.662497091244674507e+01 -3.615786835761710005e+00 6.617433803555400118e+00 -1.498829450045387901e+01 -2.576351908107830369e+01 -2.923460301508077208e+01 -1.176712254851205763e+01
2.298461706612948774e+01 -1.298213339827542967e+01 -3.725293502620366581e+01 -3.247710216569864805e+00 1.530274075326141947e+01 -3.718280455603128587e+00 -3.774243206906266579e+01 -8.222341823070408395e+00 -4.403942264871919754e+00 -1.916860773766225989e+01 -1.584525634962982643e+01 -3.004974012626819047e+01 -1.781476381956120392e+01
2.275969289875243717e+01 -6.558419817900601245e+00 -4.629610343614280765e+01 -3.350624948867159780e+00 1.496483164571190194e+01 -1.111373223368595475e+01 -3.045813345124917504e+01 -1.895766240057466234e+01 -1.724715013273727848e+01 -4.402308545527613859e+00 -3.559381380488368052e+01 -3.722780838174369933e+01 -1.317644130923106971e+01
2.161658849049169007e+01 -1.640356063309483581e+00 -4.315500123927071030e+01 -6.136047263875676450e+00 1.123403251055933083e+01 -1.146782623309931282e+01 -2.891530899103379326e+01 -3.408847367719175026e+01 -1.758088554476201537e+01 3.830065271683709582e+00 -2.631501522478158606e+01 -3.828949427647795289e+01 -1.388021159702784146e+01
2.049955398897140313e+01 -1.006641670237912223e+01 -3.611003469672430555e+01 1.542541179046675737e+01 -6.653691731665766218e-01 -1.008177259831242800e+01 -1.143878328322481508e+01 -4.364433934388487302e+01 -1.612139598993500300e+01 -4.256413947665993014e+00 -4.500364212848482737e+01 -3.088956424758537977e+01 -6.142064089957337991e+00
2.201798572237547802e+01 -5.483974579345452405e+00 -4.967299121687830876e+01 3.957224645861394663e+01 4.945084997329331600e+00 -1.029715027302767361e+01 2.256571082661626804e+01 -4.699156778512266186e+01 -1.383944433450283640e+01 1.449498561059707313e+01 -3.285464962307330694e+01 -3.149581391292971766e+00 -3.543840156054346213e+00
2.246530917961452190e+01 -7.902020544950256742e+00 -5.357112812568731641e+01 3.736404290071752854e+01 -8.455316176484451773e+00 -1.040844492647853592e+01 1.981219582536910195e+01 -3.651047124774118657e+01 -8.928941211058170069e+00 1.861589988300539389e+01 -1.768241212924558070e+01 1.403832879223397967e+01 5.065341661605963886e+00
2.204360125273680637e+01 -2.272380461948658947e+01 -5.296592617082914956e+01 2.320691444490871902e+01 -3.010889250287612118e+00 -9.219927790310082472e+00 2.472620612416439201e+01 -1.409654134679410120e+01 -4.977561720091182806e+00 6.479065894877668264e+00 -2.620710200704334625e+01 -7.146759746573252414e+00 -9.111817305029215053e-01
2.210150648083497771e+01 -6.431066048640362354e+00 -5.095671074288069491e+01 3.124300505687621765e+01 -6.869395010617409092e+00 -9.245469469412011421e+00 2.121435398728176835e+01 -2.878110065301763143e+01 -5.056130286486353320e+00 2.041073211328738068e+01 -2.080449602557498423e+01 2.069665536494755820e+00 1.004427962514409600e+01
2.198026339565612730e+01 -2.145738217314301366e+01 -5.077639252409495185e+01 1.123590895808096235e+01 2.000860371399692195e+00 -5.600901828201727994e+00 1.134146070090804237e+01 -2.297353707459830474e+01 -5.905536100189496374e+00 1.891817823548629107e+01 -5.778006872867353927e+00 9.129387421593436969e+00 1.157722822341125735e+01
2.168194571628565370e+01 -6.889532770679311469e+00 -6.304509521070509948e+01 1.423299161085636477e+01 1.104926625392884709e+01 -1.180573081334729757e+01 1.137550613692900825e+01 -2.315983644975100830e+01 -3.082578755246438096e+00 2.239327981584164817e+01 -1.472017403811302572e+01 3.171366061361633015e+00 4.637085054666269635e+00
2.122189002160148164e+01 3.456607522235609409e+00 -4.943472814073214749e+01 1.372934961466219050e+01 7.395334935986139335e+00 -3.768801008137038222e-01 5.065871732909021929e+00 -1.235829997910484757e+01 3.273506000065482979e+00 9.233034849306681835e+00 -1.419980266250829715e+01 2.526204264141861167e+00 -3.050671196349042935e-01
2.004453835491285218e+01 -6.173714213260791617e+00 -5.333277781850443944e+01 1.210914605876626915e+00 9.795447370414148480e+00 -4.822756972930686281e+00 6.358465853047469807e+00 -1.963454697804098714e+01 -1.562335558685899795e+00 2.367513263269644952e+01 -4.790259706341334578e+00 -7.851101849109317632e-01 1.204782223305196576e+00
2.033240112076482831e+01 1.941872027778934306e+00 -3.373526071256815584e+01 2.667431205869234656e+00 -2.469050154345074688e+00 -2.827957028684795304e+01 -1.593680806279852469e+01 -2.722102173893444998e+01 -2.359099447977721908e+01 4.901489843242576860e+00 3.386574016917316854e+00 -1.665575864965441077e+00 -4.865812776428992237e+00
2.160421623721843432e+01 1.669215290834803467e-01 -3.329749833326228980e+01 -4.938489901021239525e+00 -9.883397825943479376e+00 -3.009921252566880412e+01 -2.136476920590423489e+01 -2.565469261686620683e+01 -7.954758966911625429e+00 7.721194186712039276e+00 9.642022397571620829e+00 -2.199942626245981803e+00 -6.489784625133776963e+00
2.223592622141654829e+01 -8.678147896301682707e+00 -4.095953529226944312e+01 -1.867246089159376865e+01 -2.237633087302389612e+01 -3.268699351757568650e+01 -2.680910172632709632e+01 -2.079166081495343477e+01 -1.002024298413867776e+01 1.014053678251231183e+01 4.845322377490020926e+00 -7.724142905051775365e+00 -2.584772605246174582e+00
2.265757736610777684e+01 -1.091536789716145428e+01 -4.209110797782198432e+01 -1.442927221736995591e+01 -1.942111808743069190e+01 -2.847044249153184481e+01 -2.214240729346956726e+01 -1.076331266721400937e+01 -1.307724219499859153e+01 1.804635430699711307e+01 2.053079456891348187e+00 -2.134198135945761976e+01 4.057219066836719179e-01
2.278184406158409914e+01 -1.459225151310374713e+01 -4.295834192808232643e+01 -1.605678101153014481e+01 -2.537054004071443458e+01 -3.025048376956661755e+01 -2.444573514340437015e+01 -1.262539253576161080e+01 -8.899625367788143393e+00 1.680231067621238594e+01 -2.375692237442802668e+00 -2.108626078585235319e+01 3.478049598153943656e+00
2.260587232898500076e+01 -9.916863446020093065e+00 -3.994342728784908303e+01 -1.267435789464934892e+01 -1.821427588012518939e+01 -2.653020715470989188e+01 -1.882532133536063057e+01 -5.628817639518670646e+00 -5.753692517715734311e+00 2.060183906734367554e+01 4.040123856852374296e+00 -1.212600536331818191e+01 7.531773167719355122e+00
2.215523664526370951e+01 -1.632437685048196085e+00 -4.092483819904003894e+01 -1.083097240748004175e+01 -1.146193682958854154e+01 -3.391909113101620221e+01 -1.386612261815001190e+01 -7.753432136650292072e+00 -1.841749607655626519e+01 2.160853276192194272e+01 -1.867021491260174582e+00 -9.216952264467048295e+00 1.245621934396207742e+01
2.109043036650219705e+01 4.571637130846875507e+00 -3.913943259532351249e+01 -3.785765331806479672e+00 -8.832283927894923892e+00 -3.492150529624808541e+01 -1.637074292186761681e+01 -1.619519755440365572e+01 -2.245520106857389919e+01 2.650618576602414578e+01 3.742960097641288009e+00 -4.431622416503557815e+00 1.332056343354374484e+01
1.880788807860723821e+01 7.905418750461076449e+00 -3.422304948352904574e+01 9.960542428420952277e+00 2.661085045866228960e+00 -2.801255909004347444e+01 -1.307802360932193331e+01 -2.468697101791785897e+01 -1.627559255849702780e+01 1.679990482043745459e+01 4.353303176498213745e+00 -4.038188304989294153e+00 4.296568883309813458e+00
1.675646792557645526e+01 1.259318153240197269e+01 -3.445411763143707162e+01 8.362878965628677719e+00 3.380420748234385986e+00 -2.843644816531817554e+01 8.515013574448166978e+00 -2.106495633912111742e+01 -2.585297858351261979e+01 1.099045899640876200e+01 -4.331025905437632773e+00 -1.591447866705025582e+01 -2.754820323004054661e+00
1.608066529748979789e+01 1.104076753840054970e+01 -3.221728571810186281e+01 5.257681478494792948e+00 3.312051091196443586e+00 -2.275562390126805212e+01 -1.832607700533890605e-01 -2.620299387510809197e+01 -6.458152906871360344e+00 6.804852933605542553e+00 -2.327651462769124180e+01 -1.057352263149610749e+01 -7.352441035139466230e+00
1.788840573411255264e+01 3.645803545387429345e+00 -3.541803215374920200e+01 2.202731294794347594e+00 6.817098906407676573e+00 -2.037151868610172301e+01 -3.567715276973998928e-01 -7.830340467012429251e+00 -1.979087619648320029e+01 -1.377152483693258045e+00 -6.314584547844652285e+00 -6.740520182255478332e+00 -5.070419225980339561e+00
2.128640613168838058e+01 1.787319165376833219e+00 -5.128433653508616175e+01 -1.464880487960222943e+01 -1.410969056034698710e+01 -3.157136977511135356e+01 -2.042160142781113308e+01 -4.161819315611311509e+01 -3.012234950142407541e+01 6.106945134223924931e+00 -2.584553995436062568e+00 -1.927402942308072298e+00 3.148739505590715471e+00
2.206598598522862176e+01 -2.502494406124600612e+00 -3.711174671201237629e+01 -1.791312090071009422e+01 -1.031751426977354846e+01 -1.621457035626348642e+01 -2.151517465328450385e+01 -1.685995696104837904e+01 -4.756073044373809289e+00 5.397030982108949715e+00 1.062308131820882195e+01 9.705019201906985415e+00 -1.394593058789802414e-02
2.161172357242411124e+01 3.289229746095704510e+00 -3.027460052480521924e+01 -8.698896931339485050e+00 -1.105234041458672500e+01 -1.412622137295253033e+01 -5.790957567187744459e+00 -1.239816934010710625e+01 -7.845520180885706907e+00 1.103553544502968720e+01 6.627982710755134121e+00 9.708667095172794248e+00 1.010409237721907871e+01
2.195320334932671003e+01 -1.381354634444127427e+00 -3.541402099642505164e+01 -2.036900577300901816e+01 -1.753709414734925076e+01 -1.793560423480041877e+01 -8.762823013892933943e+00 -1.365788565380880293e+01 7.564198078816063153e-02 1.357301498613298740e+01 1.003373817588619232e+01 8.100456796665312709e+00 1.055425881358146079e+01
2.214756065268216645e+01 -2.541013765156467041e+00 -3.901548519450919628e+01 -2.485876837250852844e+01 -2.017243258891878810e+01 -2.509613698308164942e+01 -1.230641175785450159e+01 -8.261161024287059007e+00 -5.003334719153663457e+00 -3.345467253533791929e+00 6.265496691135581386e+00 3.822687304688889398e+00 -6.115868064053743502e+00
2.225807864515044088e+01 1.366711598849519538e+00 -2.670291694551332995e+01 -1.450659190208561000e+01 -1.012900035955003730e+01 -1.188932478873581822e+01 -1.677862393588479328e+00 2.445735131693996589e+00 5.204861079052661488e+00 2.436092162908253034e+00 3.128276500099528068e+00 1.347601548045320996e+01 -6.377374939742491700e-01
2.213998550367560725e+01 -5.219397261910732611e-02 -2.685855265038050987e+01 -1.714848824917888237e+01 -1.813264002851306600e+01 -1.629814988265920661e+01 -2.508519513403247636e+00 -3.627839048189027693e+00 1.609610274700912225e+00 4.357575887372412637e+00 5.806257202649870663e+00 1.182681877250404412e+01 1.255548833227368100e+00
2.215253208307550281e+01 -3.093333116768746671e-01 -2.447061322562459296e+01 -1.689735782050040314e+01 -2.085566216331735134e+01 -1.501052299510518040e+01 2.176147962221122611e+00 2.297914135313268602e+00 -2.460038021853919954e+00 3.149404457174874050e+00 6.690830110979488765e+00 1.429735186513736700e+01 4.293673928934504502e+00
2.242810223045760765e+01 -4.190463133790267136e+00 -3.113568602504528826e+01 -1.864834884168945806e+01 -1.603578169877382109e+01 -1.743933733599967795e+01 -9.357806960390517403e+00 2.433448768736139023e+00 2.557863552104692850e+00 -1.224539518625415324e+00 -6.009739980363570933e-01 1.774756260270429920e+01 1.265174514073307144e+01
2.147470686124115247e+01 9.964061995922667947e+00 -4.344962742609367012e+01 -1.434738538129566798e+01 -1.467809258721265309e+01 -4.003389910909098859e+01 -1.543421873277205236e+01 1.500495442518923861e+00 -4.822119930667077448e+00 -9.942166149698893340e-01 -4.799709222925746310e+00 1.405257367451037709e+01 1.091729512548894121e+01
2.008221610003823443e+01 1.622496330621881455e+01 -3.679008277648534175e+01 2.884040559094869782e-01 -1.229393758559230854e+01 -4.140471574340688932e+01 -1.252934823152405386e+01 2.665121140946392853e+00 -3.975803513177954551e-01 -5.260279378714827203e+00 -4.413982172965553730e+00 2.288842661804523004e+01 2.215025283547954515e+01
1.964046189495936545e+01 1.640036812909924180e+01 -4.712291109314251258e+01 -8.494680022750364046e+00 -2.309446420736637506e+01 -5.349189582547083432e+01 -1.013456578673244302e+01 6.379809855242072558e+00 -1.291891669376878760e+01 -1.051496274332031433e+01 7.661544361057126551e+00 2.270945469537641870e+01 1.074234626306898299e+01
1.759900683284999090e+01 1.457596273941823206e+01 -3.392510832315448965e+01 -5.191051852386898702e+00 -6.037032067113689671e+00 -3.217364637586781129e+01 -4.046473778632161178e+00 4.643743523141418805e+00 4.049855124412616192e+00 -9.334814517680589674e+00 -1.938589840007371023e+01 1.121016101278333510e+00 1.495642686166774737e+01
1.668500912175527162e+01 1.082433096542662199e+01 -2.282658844158597944e+01 -1.020446374452690108e+01 -3.880234168505585668e+00 -2.260560484146716220e+01 -1.080675479296182928e+01 1.440308366818014441e-01 -1.075763446548866575e+01 -2.717157500309066265e+01 -2.324530612837997268e+01 -4.587346948022858584e+00 1.350653500510154892e+01
1.503600425975314359e+01 1.004019035767808354e+01 -2.548897696428331372e+01 -9.583377617720849173e+00 -1.522590081286106400e+00 -2.613297203706092731e+01 -3.777885630310873766e-01 8.364581222699497332e+00 4.982929424160611909e+00 -3.840306230618474315e-01 -6.330524667738263389e+00 1.199792612182111817e+01 1.796251076539701685e+01
1.838598434145979255e+01 5.878052136110004433e+00 -3.102869142592726348e+01 -2.872223464667024828e+00 6.728791179976433279e-01 -3.436803148059836843e+01 -2.584830866289204820e+01 1.190080835314763830e+00 -4.420764732340084713e+00 -1.999913410758066945e+01 -2.081330597234964586e+01 -1.769849778370971194e+01 -4.608623520192692169e+00
1.989865433728510880e+01 1.360815916171508810e+01 -3.509230771850596398e+01 -2.206823545850181478e+00 1.230111735022765718e+00 -2.857435877119644019e+01 -1.038100634515914855e+01 9.748471925876275535e+00 -3.981026047887092911e+00 -2.150629581847447724e+01 -1.898730822712147059e+01 -6.190680578327977024e+00 6.231179553316559705e+00
2.075744222595584176e+01 1.347882282929655950e+01 -3.828715767514091795e+01 -1.454194293877335298e+01 -1.792136816065697147e+01 -3.708776985070090149e+01 -9.625498171829381278e+00 3.337973618688456767e+00 -3.179381014748524859e+00 -8.931658048409737205e+00 -1.992488605926692458e+01 -3.384282685678757119e+00 1.840888330082484359e+01
2.069292140032662530e+01 1.439399060831364174e+01 -3.278084690344520169e+01 -1.175435246116131083e+01 -2.479064335088704496e+01 -2.678205883845920354e+01 -1.028528803133723635e+01 5.062690530571830827e+00 7.235425373219529277e+00 2.595578589466405184e+00 3.120368964956773183e+00 1.294776390207267980e+01 1.602321723885511418e+01
2.134766307415036124e+01 1.278807441760174690e+00 -3.537482320618297393e+01 -2.666101502895536868e+01 -2.781689347995310158e+01 -3.398082080389118431e+01 -1.572036415353297478e+01 -1.494801068394882826e+01 -5.128441735206612506e+00 -9.063129854974846467e+00 -1.095315590159274954e+01 6.984903110354607314e+00 -2.625393004948655129e+00
2.158509539774253838e+01 6.197237666283541557e+00 -2.909762606801390561e+01 -8.193498481862562244e+00 -1.043263903840419005e+01 -1.286582855990083374e+01 -8.980408430414360765e+00 -5.875550078784328445e-01 8.457471731193621167e+00 3.116256695572786395e+00 1.921456253170793771e-01 1.746834886616159821e+01 5.576086129641444344e+00
2.181931215580206640e+01 2.652576005594600606e+00 -2.965155370031351367e+01 -1.324871222251258196e+01 -4.817117763572794864e+00 -5.222957307019053530e-02 -8.765536653063312755e+00 -1.357978351619374102e+01 9.497668532426803978e+00 1.757864749073286248e+01 1.605386486696731296e+01 1.086592282517204922e+01 -2.423170764688754364e+00
2.224710654164269030e+01 -5.951307645039515037e+00 -3.485436693378980522e+01 -1.989677270566229694e+01 -7.167588563039879013e+00 -4.529964082059201758e+00 -9.922931641277351389e+00 -8.593367371465529203e+00 4.177642536382984773e+00 1.351743413226425439e+01 1.087771473113179432e+01 1.279130209309111521e+01 -7.727988289217416096e+00
2.201177567013016301e+01 -5.057571329787637460e+00 -3.262378273535728823e+01 -1.430122394099667815e+01 -4.807877382734753624e+00 -1.039870439138220881e+01 -1.937291334484386596e+01 -4.879150863676064986e+00 1.820310543180921314e+01 1.107435561527638868e+01 1.563422197663585678e+01 1.442247818272849713e+01 3.506090877431453645e+00
2.201520662000345396e+01 -1.402634668249288508e+00 -3.966492613311658033e+01 -1.006925240985233039e+01 6.129203193360638124e+00 -9.338634417630219176e+00 -2.645768927884405386e+01 -4.659834156779934844e+00 4.407872518532262585e-01 9.140577326471936104e+00 -9.702047690819967096e-01 -3.102454334277789716e+00 -9.906240856683881102e-01
2.202834095239259327e+01 1.551087743030221588e+01 -5.529415757782913943e+01 9.775037547238518698e+00 2.083171417132330561e+01 -1.983839418098587615e+01 -1.496490475585361324e+01 -2.312529085510000471e+01 -1.025294002356981871e+00 1.715191865226388401e+01 -1.069633917666518563e+01 -1.288170979048187448e+01 -2.877789057673173501e-01
2.158127839766365597e+01 -7.216265115282782805e-01 -3.530217510626955146e+01 7.729812849140177633e+00 2.272653600775063154e+01 -3.082886104850029785e+00 -9.846160438026071660e+00 -1.076100860210317833e+01 -7.063227870403444575e-01 8.220101037811881284e+00 -1.567178340511072321e+01 -2.194460609252988093e+01 1.103178311696301650e+00
2.142382160525918877e+01 1.250573458539667016e+01 -6.086555793784702928e+01 1.411828384306831374e+01 1.630075648669750521e+01 -3.040477153216351525e+01 -1.785321465345481329e+01 -3.060902723517722279e+01 -1.130863756648910545e+01 1.286257718211638412e+01 -2.518600193364500228e+01 -2.393929215598331695e+01 5.563567980009660019e+00
2.104302297574702152e+01 3.095641371320178248e+00 -5.502797835709786511e+01 4.839356251320533708e+00 5.602982096947068058e+00 -3.295464407546139540e+01 -2.182860089796801972e+01 -3.664607608130631888e+01 -2.077776516385466365e+01 1.553118599342006512e+01 -1.799241278329769500e+01 -2.047588544453546788e+01 8.184126297792909455e+00
2.102225296746260952e+01 7.961613716148048248e+00 -5.298490586492951593e+01 1.461055556371178632e+01 1.276874038753946117e+01 -2.886483138175273666e+01 -1.573155207920899024e+01 -2.549209537440824391e+01 -1.507953326207800337e+01 1.485099881688527290e+01 -9.965699917716198897e+00 -1.738220192170944145e+01 -3.642914887562436754e-01
2.049952056502693765e+01 -4.092841581408049878e-01 -4.769690032202750984e+01 9.161841961871781237e+00 7.622307085391041070e+00 -3.721945136545186017e+01 -2.756963573994407568e+01 -3.275150337577045434e+01 -1.736206065508262242e+01 1.229337661767150536e+01 -1.013943512063006835e+01 -2.156198661263847072e+01 -7.788093247678756548e+00
2.038785624377242556e+01 3.149141090858818437e+00 -4.049845545636623712e+01 6.396718936311289738e+00 1.751665265683773853e+01 -2.143494890613352410e+01 -1.374492477567638637e+01 -1.410228831103259139e+01 -1.519414162094579446e+01 1.056356690481002936e+01 -3.853095108615350872e-01 -1.916109602711059878e+01 -4.708555776303512630e+00
2.014836694711704013e+01 9.178908468091915296e+00 -5.077325476068000398e+01 8.030736415377601745e+00 1.495236947524223403e+01 -2.423534829456600548e+01 -1.718532217037973453e+01 -1.838119515438431506e+01 -9.145776897535810690e+00 1.519355301331530050e+01 -2.444800561653289073e+00 -1.474801260797045543e+01 -6.491701443207380073e+00
1.949336585115331033e+01 -7.072717460761716035e-01 -4.795029456051774019e+01 3.949424533384588987e+00 1.012902235235265813e+01 -3.006860331390508634e+01 -1.608024561081373349e+01 -2.258836823424941898e+01 -2.261744003387673629e+01 8.074621065901362860e-01 -1.301835165395532989e+01 -1.343788590717319131e+01 -9.557292569234814295e+00
2.092822152338577979e+01 9.655414186775992391e+00 -5.400098525112765913e+01 1.026663586608917278e+01 1.349275526867817199e+01 -2.608556848106695725e+01 -4.096262601661414315e+00 -1.159972731629621201e+01 -7.351725444438645063e+00 4.825347633931441393e+00 -2.166164666494541535e+01 -1.145136845832946548e+01 8.093118948650076305e+00
2.126929409718426811e+01 7.084578747157051382e+00 -4.187748736268444105e+01 -3.886384038938558216e+00 9.753334532670697499e+00 -1.925669850168193165e+01 -3.621708835395644854e+01 -1.323669023850235327e+01 -1.544411092095830718e+01 1.356975686233663936e+01 7.670313196481248319e+00 1.929704940741416408e+00 -4.184768848644044859e+00
2.126261218083170235e+01 2.984409716603909413e+00 -2.800793310842084693e+01 -6.171888151578925452e+00 3.174379802736498224e+00 -8.502647362764401251e+00 -3.091575222447910321e+01 -1.401610842202630991e+01 1.055736247818437556e+00 -2.695934406620395851e+00 1.552666704700734890e+01 8.784919516424732677e+00 2.063590591319109269e+00
2.142358448757526546e+01 1.323288767613506556e+00 -2.939699889340029770e+01 -1.071624306835110829e+01 -4.502974439148648145e+00 -1.518442836407240115e+01 -2.539046337432790068e+01 -1.937693434409190729e+01 7.222915817462819410e-01 -6.016832718894288057e+00 2.088282323651435490e+01 8.845562028699442081e+00 6.992167142221375364e+00
2.153402438628550541e+01 -1.831768161483409429e-01 -3.909087090183675173e+01 -2.506050257475036247e+01 -1.808014826005916120e+01 -2.695292252682884637e+01 -2.541205767036706931e+01 -2.869810732424573274e+01 -1.082716698536970057e+01 -1.382327359963452551e+01 1.942977957059300564e+01 1.540919381057581461e+01 6.096446164292538050e+00
2.141653146699292165e+01 5.260760484380627489e+00 -2.635558409635178378e+01 -1.049648070156831636e+01 -6.140790480037018106e+00 -1.235649145548020478e+01 -1.177053418365293602e+01 -1.278560867491930786e+01 -1.667453016219361572e+01 1.760335027382938788e+00 1.825861664096451520e+01 1.860189575539592255e+01 3.312737338672040011e+00
2.135250361071335234e+01 5.585627476751987786e+00 -3.013399244015993261e+01 -1.011074115194233158e+01 -4.842318140462441356e+00 -1.710317446471626468e+01 -1.127330684537394845e+01 -1.351151331898719832e+01 -1.791202437803402603e+01 -4.729882610817662147e+00 1.898527981381426244e+01 1.510842597046973879e+01 8.354165041328746710e+00
2.120442519234537215e+01 6.733368699932440471e+00 -4.149548937431644902e+01 -1.200761311211197579e+01 -9.483524731481818293e+00 -2.726012997209413058e+01 -2.511394315945799249e+01 -2.068278460086385806e+01 -2.917182077274728869e+01 -2.946838010815263864e+00 1.451088690766747824e+01 1.226173079169335267e+01 1.253463800278937157e+01
2.042048339780386357e+01 1.277883620199940040e+01 -4.675798058807101398e+01 -5.760077758329989805e+00 -5.953575358249220351e+00 -3.335350221978359286e+01 -1.752841519974568030e+01 -2.739651057194539163e+01 -3.030178694794123118e+01 3.722297627085986438e+00 1.062221857877668363e+01 5.570525208954308027e+00 6.758843467862561738e+00
1.766600224548761133e+01 7.867059327137879698e+00 -3.865445035558519038e+01 3.531322350258193410e+00 3.067121206012603185e+00 -2.597091811304670728e+01 -5.289840124366161689e+00 -3.489076096362802559e+01 -4.292992731754088709e+01 3.750424542416238793e+00 8.984324217488595110e+00 2.326604583254468395e+00 2.266114476366708486e-01
1.513503099620555581e+01 8.772783306649557744e+00 -2.370277014217195344e+01 2.963262417506818291e+00 3.459906235219007531e+00 -3.015296586332246775e+01 -1.309594976280600953e+01 -2.778298180616629764e+01 -1.645391066076208375e+01 3.258451199034950285e+00 -9.628562213493596644e+00 -1.822846218586857692e+00 -8.774342275203618202e-01
1.489720866738510630e+01 2.102426259509953821e-01 -3.095957558813528010e+01 1.602822759420316157e+00 5.792445245626013595e+00 -2.844717410799013635e+01 -1.441145175017623359e+01 -2.021643681233974021e+01 8.265879764607502178e-01 1.890246042623640577e+01 -3.991930187262024532e+00 -3.202412568845920404e+00 3.574228452556293067e+00
1.596270016736412245e+01 -6.310383805927139100e+00 -3.598064920032521030e+01 1.399245852847725935e+01 -5.228662579839188140e+00 -1.729374885011436902e+01 -1.635170177682003123e+00 -1.892042784930876564e+01 3.604518645906008345e+00 1.238894553580451330e+01 -5.370223919419851555e+00 6.906350124257129686e+00 2.681323092624536386e+00
2.098967389299577491e+01 4.572992838941884131e+00 -5.822644695655350944e+01 4.310331582577441090e+00 -8.855917270693083765e+00 -1.695631530485997374e+01 2.265876993776644355e+01 -1.045428684350117976e+01 -1.600448132133861279e+00 1.842930834215940195e+01 -2.492585469800691200e+01 5.019777838531328529e-01 1.518372449605367969e+01
1.962239356624027664e+01 6.070150633523619943e-01 -3.667518948546379676e+01 6.770279820311867702e+00 6.393607059286704697e+00 -2.644248372377899781e+00 9.139879502397149080e-01 -3.266843667994169920e+01 -2.266898177212654630e+01 1.091248025806974375e+01 -2.689141696065465936e+00 -2.704637496461265833e+00 7.052477174496845969e+00
2.181155283112951082e+01 1.013084897244223015e+01 -4.313257963780027637e+01 5.834033076108014804e+00 1.337510464396314269e+01 -1.250794478806763621e+01 -2.153171675215849845e+01 -3.247881368278500958e+01 -3.700260401233817387e+00 2.187512714844748629e+01 -1.200740170042504040e+01 4.826212701207523992e+00 5.259655275289027543e+00
2.217346295142673895e+01 -6.410582045804723350e+00 -5.001603429926398547e+01 -2.038405301021680316e+01 -1.621480021459126064e+01 -3.640957043313847663e+01 -5.301539338976142091e+01 -6.220008853784848668e+01 -3.685620292472619752e+01 -1.029399779280775640e+01 -1.273469165429280103e+01 -1.971541494846912457e+01 -5.971165346195068224e+00
2.235750214964999572e+01 7.207078355203878850e+00 -3.350095189532325435e+01 -2.991781572661897926e+00 5.414201728232535871e+00 -4.326287297564959111e+00 -2.268755569511923298e+01 -2.760674769822512076e+01 -6.019265005563183557e+00 1.099343176729868254e+01 -8.156805737949275326e-01 -1.250474735061588127e+00 6.545367311265920307e+00
2.238843635946042454e+01 -5.394684955313477914e-01 -3.496051155721348636e+01 -5.940605805698525366e+00 7.943281298444075489e+00 -2.921477481119391761e+00 -2.382417040503370487e+01 -2.064583881968012591e+01 -7.895138115682799551e+00 7.110676439835331486e+00 9.618206522959559024e+00 5.861606622031544589e+00 8.310616677956947029e+00
2.228204339958198332e+01 -2.852343565489621757e-01 -3.460300761518910662e+01 -6.246345124149775607e+00 2.896253696254888599e+00 -4.763813094058539477e+00 -1.935606430328986605e+01 -2.431147644926164730e+01 -6.362799572653826452e+00 2.190841469734960256e+01 1.729055944763394237e+01 1.761356264701370833e+01 6.856028277762657552e+00
2.212456196150901988e+01 -4.872652608691557113e-02 -2.833551105245304669e+01 -6.337430862909232410e+00 4.475995179259472656e-01 -2.915257293137919259e+00 -1.123475796844469166e+01 -2.292361510670700753e+01 -6.080887602017639892e+00 2.238002731643351595e+01 1.175219939754196830e+01 9.812414376766046331e+00 -6.013306123066102238e+00
2.211718590665490325e+01 -5.651805552338722283e-01 -2.677169483583730525e+01 -1.166763666943721134e+01 -6.540557079134938334e+00 -4.839565432073188234e+00 -1.280007920319568449e+01 -2.262473887954639906e+01 -7.834751774909022082e+00 2.254886343740293597e+01 1.570327672924858575e+01 1.829341908078716017e+01 1.735696710016042088e+00
2.216755659008310886e+01 -5.108491990070628930e+00 -2.969824201499181271e+01 -1.814072857349804835e+01 -1.409009374617148858e+01 -9.154315564614666556e+00 -8.208198023491135586e+00 -1.887445827961277089e+01 -8.611293529941875136e+00 2.044406445603594591e+01 1.754462570137181032e+01 1.344526570141314892e+01 -1.115334354424707547e-01
2.234050252370640521e+01 -9.822462705017278140e+00 -3.137328552219529954e+01 -2.237445366167250782e+01 -1.720024170097131488e+01 -1.254042381452443600e+01 -6.415369924343576002e+00 -1.923313737267784518e+01 -1.659321892583699309e+01 1.583928705608173182e+01 2.330354398778382219e+01 1.330078692723749079e+01 3.300706284505755317e+00
2.245745953724015109e+01 -1.277748205597963604e+01 -3.491549211430904620e+01 -2.397088205799625982e+01 -1.360958582140949780e+01 -3.862274954393291715e+00 2.085002103251970329e+00 -4.815547906694975566e+00 -1.262591681733804272e+01 1.535612279001079905e+01 2.718677730193198272e+01 9.307587164127133050e+00 -7.241165615702705338e+00
2.246292124790321765e+01 -3.707977980004370178e+00 -2.822700819781708148e+01 -1.674156617814402992e+01 -6.332704992084657647e+00 -3.159182527936481133e+00 2.406616666221713441e+00 -1.236931559421211135e+00 -1.175061900273919235e+01 9.740039893639943713e+00 2.191445461427590402e+01 6.774155724994723293e+00 -2.350284670642722062e+00
2.243471988389165972e+01 -3.351734724267719567e+00 -2.394487393718913282e+01 -9.683882495783672439e+00 -8.256586772586304690e+00 -1.294566706545547063e+01 -1.168798135444544783e+01 -1.422196404180777840e+01 -8.857639201658805916e+00 1.515966149963243659e+01 2.761974861778399770e+01 1.662481021990423713e+01 -3.742207654091321167e+00
2.207834780023641841e+01 7.225543734202268809e+00 -3.333067435640958820e+01 -5.138427534223800386e+00 -3.235777631733640636e+00 -1.580589537446548576e+01 -1.951122607048002777e+01 -1.603672212989988921e+01 -3.505817069301198075e+00 2.684696760984552810e+01 1.811543662305119540e+01 7.343729166601686842e-01 -1.940627115429012406e+01
2.138188367197838247e+01 6.800935882465214632e+00 -3.606466470012588132e+01 -1.060820907192741025e+01 -3.604911914552207719e+00 -2.059165019453363499e+01 -2.289814456660923980e+01 -1.557631529763269995e+01 -4.292818563852390135e+00 1.935963885474187762e+01 9.526814233569918855e+00 -3.289309079864536578e+00 -6.428630460764819254e+00
2.084779011136439308e+01 1.211732985646332317e+01 -3.877226729898934821e+01 3.013494996999994235e+00 2.577935263325897619e+00 -1.372973777070261470e+01 -9.280711457485157467e+00 -3.379375557540975450e+01 -1.799114889776573634e+01 1.760133341067255941e+01 9.446695765224802699e+00 1.685985438534444714e-01 1.417774129801144589e+00
1.960790264256699444e+01 2.293119837307622433e+01 -4.645510327908915826e+01 1.257247915883204392e+01 -3.074482218575130994e-03 -2.044364132881812779e+01 7.536389172935773040e+00 -5.642874558707875821e+01 -2.315945063263493964e+01 1.432757932305137061e+01 -1.321989297089469062e+01 1.574803181823293841e+01 5.996378958113888658e+00
2.178874837619706994e+01 -7.709119053533092014e+00 -4.590942669741210125e+01 3.017380713411624882e+01 -9.320405134720193274e+00 -1.134493916132328550e+01 1.031741726070498366e+01 -5.164504414602189541e+01 -3.191959199565924976e+01 1.696678437995725020e+01 6.376193667607110704e-01 1.683535742280223602e+01 2.175924426893312447e+00
2.340662057923311679e+01 -1.260036705712231964e+01 -4.236737734468295713e+01 3.167359558990387569e+01 -9.909004902557512651e+00 -1.263824369136749048e+01 2.834525715873038010e+01 -3.349325828955274176e+01 -2.015647311510375772e+01 2.049221508450942153e+01 -5.433609083271508489e+00 1.344845937643422928e+01 1.916228748479378019e-01
2.334713772723489811e+01 -1.295958049677629553e+01 -4.955466360790224911e+01 2.621632783885248941e+01 -1.474927140525870506e+01 -8.307523404808570433e+00 3.169680908700210153e+01 -3.258782214326261339e+01 -5.682437142150220666e+00 3.616096423487492473e+01 -7.496932781527040568e+00 1.863268439784074304e-01 -6.318118135580954586e+00
2.338094541980310481e+01 -1.476405219526050949e+01 -4.263420592929679742e+01 2.552681828473127368e+01 -9.330450033255205611e+00 -5.602100206351637190e+00 2.448056037280001718e+01 -3.322726220341993297e+01 -1.063726476291594025e+01 2.570082137123474553e+01 -9.631091051227494759e+00 2.384244111643052833e+00 8.745577143684126753e+00
2.307533159351555341e+01 -4.802703973339820465e+00 -5.722514546553712478e+01 3.478156468943415547e+01 -2.301430087285821457e+01 -5.983383644584526984e+00 2.642473199962418207e+01 -3.146269013736939968e+01 1.488222663568084636e+00 2.855253732753967455e+01 -2.673596725799528073e+01 1.149740818353128802e+01 -1.659658791388471666e-01
2.267689841164434483e+01 -2.115285278876911690e+01 -4.107262058139328076e+01 1.873114615643287451e+01 -5.126348918294040935e+00 -5.950947679934706969e+00 2.068163809068537162e+01 -1.973960194948605817e+01 -5.372312496247538149e+00 2.070960939087295571e+01 -1.861524800458970574e+01 -9.742898836510539340e+00 7.665572287189765355e+00
2.223151011069380800e+01 -1.593093681716311316e+01 -5.481801911075739753e+01 1.747196429385987315e+01 -1.272025344531816948e+01 -1.287795434194763722e+01 2.554992456484429653e+01 -2.823435082779077732e+01 1.197997628990621566e+00 3.985944365850727422e+01 -4.816045221749808647e+00 8.665585634901095125e-01 5.010418410269640077e+00
2.269791147258218444e+01 -2.063926345069518220e+01 -5.000070815315820028e+01 1.979581089634547197e+01 -1.492276162380197491e+01 -8.773958905248939288e+00 3.141218108056536806e+01 -2.540892540250374054e+01 -6.240870467494366913e+00 2.589889394377702203e+01 -1.284087846877532080e+01 1.241305694699742501e+00 5.573653440611385790e+00
2.198654869639116072e+01 -8.589755863482963605e+00 -7.330211040365739450e+01 2.476020308395273872e+01 -2.131951158837032168e+01 -1.239407460479059786e+01 4.020278690883657191e+01 -3.303311054106868028e+01 8.913861085683505436e+00 1.713772604945976141e+01 -2.774019957516479806e+01 1.337210731910369077e+01 1.118750431831957037e+01
2.149965523072819806e+01 -1.760604893871854415e+01 -6.362069320425769092e+01 9.595564274712939934e+00 -2.590094863136496528e+01 -7.026905075349207053e+00 2.529515934188737347e+01 -3.074094315452683546e+01 1.572733456604174407e+01 2.978115640989752677e+01 -1.097699747577981633e+01 3.007623825009947538e+01 2.472165894291990540e+01
2.154106066384210649e+01 -9.021204067168660856e+00 -7.417627283140380712e+01 1.812101098561757340e+01 -2.786759903388566073e+01 -7.417095286809781030e+00 4.261724423682726837e+01 -2.699911634786899484e+01 3.849842255025663018e+00 2.756544766635051147e+01 -1.927503763963958505e+01 1.766977598819647000e+01 1.182081192228401179e+01
2.229132385147863005e+01 -1.626374213417491887e+01 -4.180093424690169712e+01 1.809295490775003046e+01 -1.442325239268989812e+01 -1.056039524653873585e+01 3.218676178521333497e+01 -2.322525518508434672e+01 -9.956775029034316660e+00 2.497383496155081417e+01 -1.943143295221327094e+01 1.090957239734263062e+00 2.053364275188070565e+01
2.119360859940774233e+01 -2.928380888655391701e+01 -5.687083707348672590e+01 4.405952219158262295e+00 -2.158023469113312842e+01 -2.291815359911871752e+01 1.317878812864359439e+01 -2.594324211713566086e+01 -1.005246246026536561e+01 3.470587874912963855e+01 4.499086870540393690e+00 2.597705551094561915e+00 2.353505079111605980e+01
1.687270154280227530e+01 -9.128822644330412572e+00 -4.782675303990705373e+01 5.410971396658879939e+00 4.555182367564610146e+00 -6.615142857752205785e+00 2.039701039955292927e+01 -3.568406908512457232e+00 -1.671610314352909654e+01 -3.112894857141149885e+00 -7.266285464835914532e+00 1.908139415694173113e+00 5.859044447822732593e+00
1.793985081024818129e+01 1.674806115086464686e+01 -4.305721297678570636e+01 1.357602213796830659e+00 1.422952603340577404e+01 -1.590089766224797607e+01 1.370989846189540273e+01 -3.549269011975419374e+01 -2.925066019008820817e+01 2.335306890011070280e+00 -1.746430708224445283e+01 5.382808542408652031e+00 7.871115390795971334e-02
1.929982271748581013e+01 6.976823280705337638e+00 -3.896640020692121453e+01 -1.485018137244279890e+00 1.480583037190787721e+01 -3.638869169099971934e+00 -1.237774365745702276e+01 -3.630239031144387951e+01 -2.830974532651928044e+01 -1.148075067923477555e+01 -2.587581676607200265e+01 -9.062011606736538383e+00 -7.672466610701900169e-01
1.982045492331882741e+01 1.283934293625533130e+01 -4.544166284663897670e+01 6.857991468063790563e+00 2.181710838340491421e+01 -1.516501217264079138e+01 -8.873922621853751025e+00 -2.767742852953863064e+01 -3.057851388567198470e+01 -9.206945445391372385e-01 -4.230247567752400961e+00 -7.653032689766732233e+00 -4.014279121995945943e+00
2.040870054276061296e+01 1.454946382596301113e+01 -6.073105263884355054e+01 1.868761442253921379e+00 1.436411953917874129e+01 -2.879063651320227990e+01 -2.884958220462313960e+01 -4.036620563676849827e+01 -3.787559134733380262e+01 -3.048802030969481436e+00 -1.233396206437287113e+01 -2.101866611547300678e+01 -1.211109698798185619e+01
2.050641573019120045e+01 2.262173836164173224e+01 -5.557348640179637300e+01 9.002167890864260613e+00 3.044963490566257036e+01 -1.375650937550147113e+01 -7.967330742816572275e+00 -2.704474671964986499e+01 -1.394396056011087914e+01 1.464938811632988269e+01 -4.155029128349753798e+00 6.360738202324579760e+00 1.171308125350819962e+00
2.049518243044814270e+01 1.902227419998982683e+01 -5.279058968308179800e+01 2.184499444123255252e+00 2.534246771804498977e+01 -2.134066392261826195e+01 -1.736103589787666479e+01 -2.273054461214737643e+01 -1.135569964528862386e+01 9.805822970819438211e+00 9.767767879481451532e-01 1.389708731159921662e+00 2.071464857844512175e-01
2.041677978037678542e+01 1.327557267424667842e+01 -5.435199860097267788e+01 -5.169374584702271846e+00 1.927697594457648123e+01 -2.489994947409006087e+01 -3.083144021394351242e+01 -3.055199635159175386e+01 -2.029840489172601892e+01 -8.058815585824729011e-01 -1.843013926181169548e+00 -1.606312160464807778e-02 -5.789565216759585020e+00
2.062726475181490216e+01 5.095324988083632434e+00 -4.536707386910696727e+01 1.904768904534098056e-02 2.158324407424106894e+01 -2.201231996606720998e+01 -3.499771201349987138e+01 -2.917858525456079377e+01 -7.968368968027532695e+00 6.807553467498463462e+00 -9.070431144045437932e+00 -1.952294850816806093e+00 4.977325176741798529e+00
2.093139331402142034e+01 1.103513168585188176e+01 -6.211139546688672652e+01 2.070313851151476570e+01 1.197950023675028319e+01 -2.896401096266821540e+01 -1.938289751610911438e+01 -3.116992306935814128e+01 -2.517518667244812436e-01 2.079057319282573957e+01 -1.665001985492097702e+01 -3.074130199937355812e+00 8.007500063019195480e+00
2.036874784200109190e+01 -1.770760828786459129e+00 -4.337763521244428944e+01 6.929738119148126430e+00 8.755556880260234820e+00 -2.829682904175679425e+01 -2.943084529618604250e+01 -3.485825594470213673e+01 -1.178402092924447153e+01 7.171224395000461715e-01 -1.968710614794628810e+01 -4.533268407146128887e+00 3.797981149541689305e+00
2.049978713411202236e+01 1.006241941243824378e+01 -5.688351173202817535e+01 1.385473046575509670e+01 9.624499718449333940e+00 -3.053097236565188766e+01 -1.969701791470241403e+01 -2.841895670292709042e+01 2.556189246532220682e+00 8.184614430644167271e+00 -2.501473265546296076e+01 -2.155218573195596843e+00 1.153143125968309812e+00
2.013496343355457086e+01 8.213554147223344870e+00 -4.833316231596593582e+01 1.286752994344153933e+01 5.944497024687747988e+00 -4.175087895802867877e+01 -2.699528245652123815e+01 -3.402532874635426907e+01 3.769758323863703797e+00 1.534860022202838792e+01 -3.702388476521733196e+01 -3.922740812177417880e+00 1.385000018307722947e+01
2.062017741511859725e+01 1.074650965478654818e+01 -5.011991250203374904e+01 1.823498066405078788e+01 1.548317735742369905e+01 -3.456998628791848915e+01 -1.531223125070114577e+01 -2.412734956236516837e+01 1.007997822848511227e+01 2.212122921598234626e+01 -3.215519809976606780e+01 -1.257060755423565368e+01 8.613055395110352563e+00
2.070387408235638560e+01 1.229220378759643850e+01 -5.526752241448677694e+01 2.317317951954461464e+01 7.651663755184937799e+00 -4.296362039817854850e+01 -1.777231412234654684e+01 -4.685201259562786902e+01 1.116479208982353910e+01 2.674825111535470512e+01 -3.760688344287171958e+01 -4.242766951716141932e+00 1.206048966185998417e+01
2.069749595011911580e+01 1.420254844196775323e+01 -4.429033409939003718e+01 2.508748152709463852e+01 1.420943175050866358e+01 -1.043008711961140911e+01 -1.471044517990708300e+01 -3.955646786786753921e+01 7.634124397441490295e+00 2.164435992148090904e+01 -3.284143473993148632e+01 -4.778772089917052490e+00 1.591566391531454627e+01
2.049624751862567962e+01 2.154062667928347441e+00 -3.825934116144578212e+01 1.618286644960172893e+01 5.258420487069866311e+00 -2.045357215945132623e+01 -2.272040091296112863e+01 -4.730683542026535093e+01 2.946137740558782969e+00 2.601379116080781984e+01 -2.430897261701816348e+01 -8.828376590274562563e-01 1.866238869539268208e+01
1.951860805731544701e+01 1.431937926309652731e+01 -4.723829864711058235e+01 2.928787508308110077e+01 7.898094324499353114e+00 -2.980239484544074458e+01 -3.283733724696984435e+00 -5.308875080212874309e+01 -2.323222866340578285e+00 2.870347971278123111e+01 -2.719861180443194471e+01 5.945446570328933866e+00 1.359958129935172622e+01
1.758115516724870275e+01 9.964348236337146503e+00 -4.009922349656191898e+01 9.631502160481328900e+00 8.790763282966270964e+00 -2.163225179291968558e+01 1.958925890435460060e+00 -3.021128607074349404e+01 -1.003979060361651676e+01 2.921171056688911705e+01 -2.418508521147748525e+01 -1.023745806618732068e+01 1.149549032547565375e+01
1.910584712723396450e+01 6.111671915871611738e+00 -5.257360529776362768e+01 -5.644912529721700656e-01 -3.766834146054266752e-02 9.112570398461425913e-01 8.839410281364033395e+00 -1.468463920576949278e+01 -4.177134146331293429e+00 3.493943709901826011e+00 -1.777437137319788363e+01 -1.734141299524143864e+00 4.043872091203175145e+00
2.184214374503438094e+01 -2.489200054388744032e+00 -5.209691231089227870e+01 -5.930892655422250748e+00 1.712085272929955826e+00 -8.226759910716385349e+00 6.653854100475007805e+00 -1.750385466868262352e+00 -1.198842979830291355e+01 1.387147114811032544e+01 -1.020895777545110228e+01 3.957151641028126221e+00 -1.209124930654470687e+00
2.108283769882936198e+01 1.300197293834535373e+01 -5.938193569895680923e+01 8.210621183071204143e+00 -2.058436974760304405e+00 -8.205608017675343646e+00 -7.522090291489544681e-03 -1.559784357602626415e+01 -1.561984837491357681e+01 1.066322558465138570e+01 5.419287851409587908e+00 4.633259426142337212e+00 -8.342055446749583325e+00
2.183556238059288290e+01 2.027998609973937771e+00 -2.347839442284172762e+01 -1.087310502598111661e+01 -9.144823386805395415e+00 -7.073317145429528274e+00 -1.925437943635343885e+01 -2.421063209823025986e+01 -2.202117571063916923e+00 1.975322934021524901e+01 9.319802699664469614e+00 5.138051556350386129e+00 -3.209373822364152584e+00
2.191991312917082624e+01 -8.755069053329851414e-01 -2.833060811986961625e+01 -6.964693253689636876e+00 -1.087617482496716903e+01 -7.927003579177537951e+00 -1.227741666320117631e+01 -2.678991763628848233e+01 5.554247658250064390e+00 2.046504700554368483e+01 1.002489275850099304e+01 2.860090967124015116e+00 5.720328322564096624e+00
2.200021047022036313e+01 -6.922563422205055161e+00 -3.693983683565255660e+01 -2.550739260101591555e+01 -2.240823737558707052e+01 -1.496142657851668467e+01 -1.518283980893150265e+01 -9.806251706027076409e+00 1.415742041843160415e+01 2.044267133746336995e+01 8.143814553734831208e+00 4.619085607704109364e+00 2.611116380389486125e+00
2.186224942436782115e+01 -6.367641441070536201e-01 -3.274964104946568710e+01 -1.557476471012764385e+01 -1.302027346411966846e+01 -1.277646180266056142e+01 -1.279845298698626843e+00 -8.689616647705888930e-01 1.622145904124456095e+01 1.395772040881773535e+01 -8.757728918465558010e+00 2.122768155544584978e+00 -6.862223856353086404e+00
2.217018146059955441e+01 -3.561624705016865899e-01 -4.153778348861957426e+01 -7.760982027027532482e+00 -1.281280138547535330e+01 -1.027159880349377730e+01 -3.275886776003717582e+00 -1.591660403382173783e+01 1.802260945805873149e+01 1.351663423753740290e+01 -3.414020541510668139e+00 -2.041339173859192613e+00 1.301266959020645331e+01
2.231409653330006293e+01 -2.315397910517062119e+00 -4.087245415793069725e+01 -1.153873777356855257e+01 -7.378173592161262562e+00 -7.391585219991674727e+00 -3.280001458115111013e-01 -9.812143959678254035e+00 9.622205170598638446e+00 1.948973893330970597e+01 -1.216151219879057166e+01 -5.320872153925012782e+00 4.169051198185872664e+00
2.256085215012799949e+01 -1.273637531998355854e+01 -5.563026499277052039e+01 -2.668585350995286376e+01 -2.033607045500446375e+01 -1.877135866100308093e+01 -9.389438053048134947e+00 -1.117326516052631469e+01 1.045969957094446379e+01 1.877339827673460704e+01 2.315500142435796549e-01 8.817599542555328185e+00 8.024000834425983442e+00
2.247228025024925913e+01 -1.216915876265943020e+01 -4.635908931473763062e+01 -2.280393168252171066e+01 -1.615714811941174744e+01 -3.840178078536812034e+00 -5.021925950571508146e+00 -1.409761443800370273e+01 7.162019711622537033e-01 8.267138796705594928e+00 -4.791002874422172653e+00 -6.023952959847389543e+00 5.636956602082362267e+00
2.231095322426187622e+01 1.740790320560306137e+00 -4.557315160080290184e+01 -1.292031355534541781e+01 -8.467802766788494750e+00 3.695534748427416805e+00 9.380634301934360764e+00 -7.535622020152482614e-01 1.234892332923109015e-01 1.065243837663080129e+01 -6.639889440747408500e+00 3.161107520985432018e+00 1.111772147450677117e+01
2.216013131783474677e+01 1.798407363466273390e+00 -4.199370879451577565e+01 -1.250181693463908594e+01 -4.624037159772107053e+00 4.250283387740384278e+00 6.082484951898224246e+00 -1.164096038344265871e+01 -3.374688156574207065e-01 3.564356556093117412e+00 -2.222908821224211184e+00 7.559500358188428137e+00 1.301682712844156065e+01
2.223076803412043034e+01 -7.968039676186136511e+00 -5.243161243003849847e+01 -2.829129324294830639e+01 -1.326428833549550568e+01 -2.608632834319402072e+00 3.318974555261034354e+00 -7.209779844045705488e+00 -3.581184878266637561e+00 8.334440545427304059e+00 4.143506059824215271e+00 5.571538154183530267e+00 1.003981646244307413e+01
2.239543743873035808e+01 -6.264325040883801599e+00 -5.379649903525228183e+01 -2.418132881690100788e+01 -7.964172123003251613e+00 5.228451532904611732e+00 7.766524396572112021e-01 -2.371975376390312196e+00 -8.999328791754618306e-01 1.987976499122743945e+01 -1.231561939546271578e+00 4.181976985568783611e+00 3.647683742861154155e+00
2.194831336345737682e+01 -2.742512105490307217e+00 -3.940928594317677636e+01 -1.818808562233024162e+01 -3.262569136725787633e+00 3.890087417229252331e+00 3.229381674052605344e+00 -4.783826523307096679e+00 3.881402245842527687e+00 2.372688606471222261e+00 1.823439439801618711e+00 -9.400683291618060267e+00 5.645655571861166955e+00
2.187933301968576316e+01 1.893975849009434720e+00 -5.331268458636744612e+01 -2.108441455857452951e+01 -9.068910961925686465e+00 7.763415766232161452e+00 1.290018315142414096e+01 -3.769078960956506297e+00 -9.447884988751464874e-01 1.741984470342010738e+01 -1.541748591847322203e+01 2.978799420080209259e+00 7.326400583253009025e+00
2.171274547793112575e+01 1.484803483068262153e+01 -6.118957845621610403e+01 -7.660734298190245539e+00 -8.192124703125244878e+00 7.672070732903462087e+00 1.080128133192349438e+01 -7.210515703405812715e+00 -4.361901553952592714e+00 1.318054583202719776e+01 -8.556875026108702542e+00 1.083778472106311952e+01 4.566611060257891097e+00
2.110290457706344114e+01 1.537993767566719505e+01 -5.734851450217475133e+01 -1.165336377916803734e+01 9.859862567245698539e-01 2.689423687007199248e+00 1.966999519781042949e+01 -3.524387489306031185e+00 -9.800616484543455798e+00 -6.668772911860455288e+00 -1.386280252560247028e+01 1.168951961518063243e+01 4.167428685700276247e+00
2.024759643780032192e+01 4.888898073858408466e+00 -4.090091542452154272e+01 -1.926709217153332077e+01 2.519313190488211340e+00 3.304117247236818322e+00 1.004475231077845976e+01 7.669830120927526806e+00 3.267012647727391972e+00 -2.081458148470701097e+00 -8.110045907605508475e+00 2.294649104138989593e+00 1.184246182994960872e+00
1.966244272609837296e+01 1.383580977152083946e+01 -5.981375111352517138e+01 -2.116205810281720900e+01 -3.238649224747697897e+00 -2.251619389189567499e+01 -2.374411824212007416e-01 -1.579986927506851480e+01 -1.489039658654019682e+01 -9.940916726595583341e-01 -6.336359600552180282e+00 1.245580167046064801e+01 1.208427533782531427e+01
