2.009123649457529481e+01 -2.524354655551740834e+01 -3.294734754104860741e+01 3.362079946748490755e+01 -1.046610096009613677e+01 1.438204915953285479e+01 -2.606085923841655116e+01 7.315849420442387618e+00 -9.194759439024590142e-01 1.258319783821146665e+01 -2.089303997927072842e+01 3.992050395492181991e+00 2.157363506895291216e+00
2.431687707136772403e+01 -4.237627380119569409e+01 -3.489879648814788027e+01 2.186814490092779195e+01 -1.154524701436755674e+00 1.169893385834125077e+01 -1.502132836951668970e+01 -1.948502055489453433e+00 5.440841349914369296e+00 -7.852972567739540111e+00 -2.888902773229259147e+00 1.474336908486288422e+01 5.189741745131822626e+00
2.378201531364927490e+01 -2.819447876598501068e+01 -2.576234335616549487e+01 2.124997875524703517e+01 -1.028933757429711093e+01 2.092573770956760981e+01 -1.794830394310807264e+01 -6.153158070719182415e-01 -4.853207408805355172e+00 1.990285211110065955e+00 -7.531329003978416203e+00 1.061189150548853455e+01 -6.979885481037600314e+00
2.281914593933355206e+01 -3.229422128600968023e+01 -3.607481517810565208e+01 1.417003648417963646e+01 -9.628997092130898494e+00 4.055152458356560885e+01 -3.658002607990268729e+01 4.890764586199695785e+00 -1.365292393117264780e+01 2.370526952581477786e+01 -1.145131603741823412e+01 1.034470387874248942e+01 -1.832532880018697341e+01
2.250003289269529816e+01 -4.126126689439922757e+01 -3.957131210320741843e+01 4.711869518690370739e+00 -2.575843111714319011e+00 4.327105423287032693e+01 -3.158927099014166373e+01 -1.789427046480988326e-01 -1.471790067338653074e+01 2.821732059877627918e+01 -3.586598940680030267e+00 1.126202343946500406e+01 -2.283148651885036529e+01
2.245064453926138270e+01 -2.803625059598318359e+01 -2.767562170093124863e+01 5.405615452548700794e+00 -3.925034839638113393e+00 3.758807215551897940e+01 -3.168410231796198318e+01 2.874538433331581100e+00 -2.633662923938906886e+01 2.502876947010815911e+01 4.255300152746553266e+00 7.681345151583904851e+00 -2.335625882364164596e+01
2.237793061732236310e+01 -2.773783304591629317e+01 -2.140461559156086935e+01 1.753813753254888086e+00 -1.053604341954103019e-01 3.184491621972858866e+01 -2.521025686505497632e+01 -2.725902236464859740e+00 -2.001392509976439271e+01 1.522779491326508072e+01 8.491972227068210088e+00 6.857667239989031494e+00 -2.425200909209573297e+01
2.230157296032634662e+01 -2.924044398521549581e+01 -3.206446435543067963e+01 4.482226940644125079e+00 -5.894382554786179007e+00 4.446104072477918834e+01 -3.535550969209221961e+01 5.271001255023491261e+00 -2.210538842995074660e+01 1.932660562400364057e+01 -3.632525599067490063e+00 9.686506915105034921e+00 -2.264713682536208950e+01
2.216956211733180027e+01 -2.610493351134500983e+01 -3.138240522802608368e+01 1.026076319637183820e+00 1.521038541499406538e+00 4.281465285612663507e+01 -4.261503692054573378e+01 8.624849607328934908e+00 -1.612178520559483985e+01 1.720375298533076602e+01 -9.085536448581509106e+00 1.165350585624929103e+01 -2.039101876386508749e+01
2.207541208099777208e+01 -2.632651759530239133e+01 -3.449289470817310388e+01 -1.832050563737360971e+00 4.834492754792248270e+00 4.396664686264890776e+01 -4.630865655054484620e+01 1.179709844189150303e+01 -1.322192079794581154e+01 1.870809637065900333e+01 -9.901629708204083613e+00 1.952329453992999841e+00 -1.763682349078001721e+01
2.202583901059973570e+01 -2.268146976792913350e+01 -3.014973843151617672e+01 -5.739363537099190005e+00 1.034841165196811730e+01 3.884939829944837442e+01 -4.947503890903157497e+01 5.072619458688734539e+00 -7.736492267639100362e+00 1.941697472943622316e+01 -5.199776640899737679e+00 1.352817383436970555e+00 -1.298880826281326684e+01
2.206298756638287628e+01 -2.410519033229540042e+01 -4.051012569567762256e+01 -4.320124099746522006e+00 8.795458328251855917e+00 4.898904734348673173e+01 -4.707380793133815899e+01 1.201363720224191844e+01 -8.777083953336328292e+00 1.776100925419147458e+01 -2.054863080784537033e+01 -1.503470161948124439e-01 -6.629818022667104849e+00
2.212165765286242092e+01 -2.494159250656138127e+01 -4.393074027089452471e+01 -6.055509357990077390e+00 7.403135245815619214e+00 5.110911179506760504e+01 -4.331800495939301499e+01 4.987605381475813893e+00 -9.003697462398593032e+00 1.524488592734595471e+01 -2.474811359240291608e+01 2.366065365962832345e+00 3.724696201175917043e+00
2.211464965621781431e+01 -1.793623543049248781e+01 -3.988652574458746614e+01 -1.939314755337818497e+00 2.185553373108767961e+00 5.030365780498252803e+01 -4.305329652076689939e+01 -2.142739772289095512e+00 -8.706953458808870394e-01 2.848286599874668923e+01 -3.169294973213802891e+01 -2.892254704779481322e+00 8.398162662732813644e+00
2.210986198341257136e+01 -1.466478939530508185e+01 -3.984915903431870987e+01 7.551728521700310504e-01 3.178592663420937825e+00 4.342138549576628037e+01 -4.348468661786030509e+01 -5.550935296106204397e+00 2.465725971841259856e+00 3.020406044228658615e+01 -2.765913762584729696e+01 -3.324906596661180713e-01 1.754909766107425995e+00
2.208735039172966808e+01 -1.550188174327423241e+01 -4.176934446743977958e+01 1.335217983759795723e+00 7.174274396200654991e+00 3.610757725166175192e+01 -3.478353814617661754e+01 -7.011282972529114588e+00 4.439080300375958466e+00 2.265127507341868096e+01 -2.656524185859030496e+01 1.944161314608491065e+00 -9.397540055037084672e-01
2.201766755434134382e+01 -2.054248756285631927e+01 -5.416845571443212748e+01 7.895055505446699762e-01 7.082406645816210933e+00 4.315693586846159491e+01 -2.815605618951252609e+01 7.431637536920003839e-01 -1.947387715700050759e+00 1.613348409128330729e+01 -3.449807480823957917e+01 3.565608212787004128e+00 2.292579823015662210e+00
2.194016964251530766e+01 -2.061852673459354435e+01 -5.590304603044340581e+01 -1.200774478375864707e+00 1.235449235597751994e+01 3.528816136789077973e+01 -2.676976386153699394e+01 -1.004556740376507940e-01 -3.055971305295321017e+00 6.182006601764013176e+00 -3.135497936570312660e+01 8.949018117251370086e+00 -1.789473756464432075e+00
2.190075529365555695e+01 -1.257487946538642554e+01 -4.782324106965318578e+01 3.681697577622023765e+00 1.287569092489800404e+01 2.435785112243187811e+01 -2.985403002512656201e+01 9.574680889988336496e-02 8.225279022872808099e+00 1.134229496205847987e+01 -2.195370707558099355e+01 4.616933854346766175e+00 -1.016826371280691887e+01
2.172002976139548736e+01 -1.573722199753201956e+01 -5.417393961564102511e+01 -1.989098064062013727e+00 1.163586053397466280e+01 2.056733996203110237e+01 -3.050490777532326447e+01 1.418050409101387244e+00 1.018863202311335669e+01 9.802393551255640602e+00 -1.981542411589713737e+01 5.829731148854566669e+00 -1.114576653728165923e+01
2.146045173842973597e+01 -1.764064937277564482e+01 -6.125889760350653290e+01 -6.027879674366090512e+00 1.191792747656134210e+01 2.471775480601367647e+01 -2.450813069855253801e+01 6.790706817115425231e+00 4.485355613454259149e+00 3.339526624580217540e+00 -2.388069876697035809e+01 3.234437819810189296e+00 -1.266023042970149781e+01
2.121931434716511333e+01 -1.598155953268866902e+01 -6.036550844468422383e+01 -3.720968901105710991e+00 1.858887084094992304e+01 2.895915838718529045e+01 -1.946019790522883142e+01 5.663865624373513263e+00 -8.116252703767504073e+00 -5.841922967287601409e+00 -1.968624046140523731e+01 4.534551446797239649e+00 2.919927840244194162e-01
2.092546331602249410e+01 -1.361556292487839848e+01 -5.588835985393173900e+01 -9.793213985508193886e+00 1.567329731219174249e+01 2.206664639362551128e+01 -1.912704104635392000e+01 6.062567106258739180e+00 -7.596267245445732508e-01 -4.117407670349116700e+00 -1.376476474531418326e+01 -3.837450633374386300e+00 -1.210263140133607962e+01
2.074027181243562623e+01 -9.558597654740355054e+00 -5.734656931640393651e+01 -8.352907777625290464e+00 1.163909606005034192e+01 1.953880260246775435e+01 -2.174930746745658894e+01 1.180077174072567381e+01 -2.185266597454796234e+00 5.587795009310824845e+00 -6.484817137521083907e+00 -2.044972283047790995e+00 -2.002233406311593455e+01
2.072111980749916427e+01 -1.335416080419504503e+01 -6.175718940745287711e+01 -1.323100479304744148e+01 2.229233256223881465e+00 1.112935972921914285e+01 -1.765790520573879974e+01 1.684152154836885185e+00 -5.939682085785152665e+00 7.315043679816621847e+00 2.698890577567217286e-01 -2.888288686082666423e+00 -1.267992418813510369e+01
2.070226118621500788e+01 -1.221041817029754029e+01 -5.583355832739748337e+01 -1.265460794059734617e+01 1.046193779322656425e+01 1.666800594864461615e+01 -4.527694674004437481e+00 1.435854389413396159e+00 -3.156602526603109471e+00 5.797732601928404783e+00 -1.910637127471167096e+00 -2.928867266888192766e+00 -1.484450699481577018e+01
2.069543019592834554e+01 -1.127819833259692572e+01 -6.532575892571067300e+01 -5.507726018765750631e+00 1.123615188388594888e+01 3.274759366870731725e+01 -2.209166930491512915e+00 3.366540544828964254e+00 -1.078161510521156607e+01 -2.898620330606091589e+00 -2.205091742256069054e+01 -4.284263194420715237e+00 -1.477884278275806729e+01
2.071002834823751471e+01 -7.153853772046555370e+00 -6.283628059413616995e+01 -5.186986711395396910e+00 8.151682944501546402e+00 2.797216774251462468e+01 -1.082199451239269372e+01 2.253973924099625492e+00 7.435264585384760316e+00 6.632505711255663350e+00 -1.916056814566397648e+01 -3.443854609068946360e+00 -1.276842997630784815e+01
2.088406088265870153e+01 -8.217203186591991226e+00 -5.874484576360907795e+01 -1.156969246714467481e+01 9.715453161735805310e+00 1.910894046421392645e+01 -1.505838228081103480e+01 -8.599225968268852327e+00 1.712703450461187415e+01 6.917287501890966084e+00 -2.314624978451968929e+01 -1.754156540067848713e+00 -1.355428261236552778e+01
2.108500362646624993e+01 -9.166219139074552658e+00 -5.868508401855469003e+01 -1.186804588638843860e+01 7.215798979109322886e+00 2.343497630506786322e+01 -1.307505316186963107e+01 -1.529730118186193977e+01 2.054347802151998437e+01 1.013869610428754342e+01 -2.509071709960973706e+01 -3.161794705309281639e+00 -2.319093292609282653e+00
2.123892186038969143e+01 -1.554572570209912463e+01 -6.795130886202704801e+01 -1.724074470133334813e+01 7.680646405611818217e+00 3.573301635984115165e+01 -8.548286642739533647e+00 -1.283718932412507030e+01 1.969319857033549681e+01 5.116472193280511283e-01 -3.577496269777397231e+01 -1.988128068976397378e+00 6.025858381004691733e-01
2.139962324983855169e+01 -8.441839469779127469e+00 -5.589084478735455974e+01 -1.290572679748162166e+01 9.792489808701967391e+00 3.090314363228062078e+01 -1.364687535778464778e+01 -2.203256426336354323e+01 2.339464321472684816e+01 2.363487237745615754e+00 -2.971704336820027237e+01 -2.246313796031593313e+00 -1.117078337704117130e+00
2.157133086830356206e+01 -1.488240502053986525e+01 -5.912574957380863339e+01 -1.683089674654426915e+01 6.841549866943627656e+00 2.506325204299808718e+01 -1.459638017929327525e+01 -2.336539823603984800e+01 2.684060332221305600e+01 8.308752205924040624e+00 -3.019383050996863105e+01 -1.003706846337757597e+01 -3.300795894520426543e+00
2.163808466749965120e+01 -1.109481810414766834e+01 -5.314933316547260489e+01 -1.245359143658377299e+01 1.187867902695556666e+01 2.342934278197116882e+01 -1.593099102092118180e+01 -2.128080482604719492e+01 2.638528103366077104e+01 9.028944833124802116e+00 -2.261941590127768720e+01 -5.561478833766563490e+00 -3.237048208627340884e+00
2.172994158456086211e+01 -5.779269869534318538e+00 -5.551072562266062960e+01 -3.817648450320528575e+00 1.135070386503440965e+01 2.421844907732691254e+01 -1.547237809362202121e+01 -1.821432711280882799e+01 2.304266490671044920e+01 5.013214003324501178e+00 -2.137538576350870301e+01 -3.062945658897334722e-01 -4.573082686389523310e+00
2.172032702902931689e+01 -1.791898929913858041e+01 -7.328802819039985650e+01 -5.145750720122037158e+00 1.723166259922051680e+01 4.087406819421730830e+01 1.614040640816132299e+00 -5.935433208108813474e+00 1.376629738220841048e+01 -1.160700019020829288e+01 -4.077659938212828905e+01 -9.634428292272737337e+00 -9.318101105169452225e+00
2.162051734824846960e+01 -1.519418354473469179e+01 -7.350329113894152044e+01 -1.219556406037266250e+01 3.678519642829545244e+00 1.776049898361092971e+01 -1.552652907546647576e+01 -1.319169502737576494e+01 1.851032675992265197e+01 6.914007981353356147e-01 -2.170537997773704220e+01 1.270940546881267619e-01 -6.752587603813839934e+00
2.144985995985009097e+01 -5.597879115363089575e+00 -5.872968206174764561e+01 -2.064432440296597449e+00 1.467391129225205226e+01 1.583950980917013496e+01 -1.320413375788625920e+01 -1.308558380537016497e+01 2.177669815532856390e+01 1.450241049826340278e+00 -1.522927141160703890e+01 -3.278537984933063143e+00 -1.209841693294935361e+01
2.133781682932445278e+01 -1.236427375277689977e+00 -5.815974358400104904e+01 2.980142396020721840e+00 1.328791647571295620e+01 1.560467831195897759e+01 -1.732906047715947651e+01 -9.866339711223396591e+00 1.851266869419025340e+01 3.226090140838835385e+00 -1.460349414377708221e+01 5.869240429875380860e-01 -1.465613134372861914e+01
2.124321191961567479e+01 -1.331519837975292830e+01 -7.029399464045022228e+01 -8.216405825804162788e+00 1.530941308628638176e+01 1.880543234806111741e+01 -8.413772012087068930e+00 -6.702520940977635178e+00 1.088064369964800981e+01 -7.147416733278292966e+00 -1.671429886741440640e+01 -3.905517685185563859e-01 -4.282166005047693957e+00
2.102285005025843390e+01 -1.159758735356205861e+01 -6.263123946124866137e+01 -9.397422754745942797e+00 2.155016352449935368e+01 2.248691432647631672e+01 -1.064399205466815962e-01 -1.183744912885022416e+01 9.062648397142201162e+00 -1.038911604753024065e+01 -1.942935807045854446e+01 -2.406120557277803496e+00 -3.769093105297721458e+00
2.081942719167561506e+01 -3.167463953588706804e+00 -5.812633699208058857e+01 -4.677555318324840172e+00 1.571859398586982870e+01 1.386825167057556563e+01 -6.964179048692908935e+00 -1.144471446908867840e+01 1.484266027495564444e+01 -1.799460031906315649e+00 -7.580446237511515584e+00 -3.522628664020283296e+00 -1.159421065533856776e+01
2.069426276189207314e+01 1.252090312377597714e+00 -5.405326391906424988e+01 -2.410508839679723181e+00 1.705487902464282257e+01 1.175599797390551871e+01 -9.463743705949225316e+00 -1.119052912603845940e+01 1.163728428244659341e+01 -2.017688282253866650e-01 -5.034559505930666035e+00 -3.855118764194550351e+00 -2.101918792064005714e+01
2.066746766177373118e+01 4.259238178516457474e+00 -5.204256056317221635e+01 -2.768344870203036656e+00 1.328262666907934886e+01 1.304800247087213982e+01 -5.899032548373733142e+00 -1.346266370311130522e+01 3.112742699642976785e+00 4.249905959886796647e-01 9.814241510815873148e-01 -1.731905841614302943e+00 -1.798597149037963305e+01
2.065176533418218341e+01 2.952393784431693202e+00 -5.692936332628677576e+01 -5.950333513860368573e-01 1.272671562624252850e+01 2.382960149022801488e+01 -4.103637015541853894e-01 -1.358254135097033277e+01 -2.618034623495052671e+00 -3.282853022419526035e+00 -3.067752101936155551e+00 -1.803314448772974199e+00 -1.270718223207415676e+01
2.063703017317676824e+01 1.980003698488952635e+00 -5.894572932929746401e+01 -2.280933796660651769e+00 1.367715098532925211e+01 2.404405899413971426e+01 -3.800235998736959608e+00 -1.809662044243171408e+01 3.377064808124337070e+00 -2.286287705592203512e+00 -9.818614112324976162e+00 3.644797819520064763e-01 -9.861943385944579532e+00
2.073898929444638384e+01 1.236098567134944259e+00 -5.515895554983283233e+01 -4.772682071872026199e+00 1.460261951171046313e+01 2.036860809382557136e+01 -1.375200993957025020e+01 -1.954763921423599271e+01 1.599243277387615692e+01 3.671690641566038860e+00 -9.535317629775144965e+00 -1.500674588499802287e+00 -1.271492140446825303e+01
2.090677664969705063e+01 4.727834746212886685e+00 -5.280763197666154696e+01 -7.787184957516308792e-01 1.187132163468489843e+01 2.554566397558452095e+01 -1.615080831035616171e+01 -2.503385598049736060e+01 2.008999025642840408e+01 8.956581102911568948e+00 -1.389746364783830757e+01 7.357049747754297320e-01 -1.355481754576176812e+01
2.104856944680460629e+01 6.420074130752663477e-02 -5.624863127284087483e+01 -5.151653178589843840e+00 1.150796330232201470e+01 3.308078958163447680e+01 -1.254267061108961734e+01 -2.905988767221798952e+01 2.039595753015061064e+01 9.580556571217297090e+00 -2.612648865587493319e+01 6.901716415501045532e+00 -1.627529395496739362e+00
2.130628687013305012e+01 -5.600078415038200141e+00 -5.649325338438053734e+01 -5.957570720573986733e+00 1.609831552748511996e+01 4.172021354365636370e+01 -1.007853135161618141e+01 -3.038887455801717508e+01 2.022087840632860534e+01 4.015943452813140802e+00 -3.358347588104410875e+01 1.361047216928886083e+00 -6.951658845270195508e-01
2.145459118347569927e+01 -2.499561111540876457e+00 -5.261082670496987390e+01 -4.242711163641642358e+00 1.235505031802031262e+01 3.301345033379775629e+01 -2.237827741465454068e+01 -3.197208197707345789e+01 2.516515715392970165e+01 1.188352171722839401e+01 -2.434805436643721777e+01 6.451634542228205760e+00 -8.993213540614137358e+00
2.154904586500705221e+01 -2.040492311082978905e+00 -5.261042535197942271e+01 2.497285470641214200e+00 1.446987177106998246e+01 2.824576581661815311e+01 -2.212306439757340470e+01 -3.170692448243788064e+01 2.426019083622090378e+01 1.550469739107662370e+01 -2.139179406876553102e+01 5.428909839146702332e+00 -1.135660216679784540e+01
2.168081028925278630e+01 -3.321821194779913444e+00 -5.463556261677090475e+01 2.643839690624671945e+00 1.641948202100800103e+01 2.788014078925392525e+01 -1.781841885464083575e+01 -2.774972331745794563e+01 1.896879838720836986e+01 9.909811011153987437e+00 -1.891395637734904511e+01 7.539252621248349051e+00 -1.218425927919364504e+01
2.172124515546858348e+01 -6.307300124833718158e+00 -5.688463449724704191e+01 5.875658279454402111e-01 1.692749808328003169e+01 2.900466181521010967e+01 -1.941714642235185551e+01 -2.697003836307662894e+01 1.699024100128156434e+01 5.584240431904755830e+00 -1.636201749075750200e+01 1.074152777346318288e+01 -1.005737838685233854e+01
2.163248728088754547e+01 -7.055563575508013940e+00 -5.760476080187119408e+01 3.768572978964119802e+00 1.944611637085138867e+01 2.912517864121252487e+01 -1.745939559985738043e+01 -2.691241781646273878e+01 1.956346785760626972e+01 7.981126573617276065e+00 -1.763583382499357199e+01 6.665679973883174014e+00 -1.417994065813623017e+01
2.150262830471895015e+01 -2.216411329768843697e+00 -5.526517195789864445e+01 5.719597995523082901e+00 1.889035173228377928e+01 2.005212496344107009e+01 -2.486056033923506092e+01 -2.754351833597853982e+01 1.741082995495005292e+01 1.190000880124376970e+01 -8.369379674948060455e+00 1.280592894219482147e+01 -1.777005392215319191e+01
2.133004335589271605e+01 -3.676802436114602557e+00 -5.812982187959288893e+01 4.485797420004423053e+00 2.191225726075641944e+01 2.332479248686310314e+01 -1.838555127086117125e+01 -2.273253710778787706e+01 1.416988741674599694e+01 4.711159846464222589e+00 -1.224265666246709472e+01 8.462478869111032864e+00 -2.199128922761127924e+01
2.119077752103779844e+01 -4.422047328007491451e+00 -5.810190024224354488e+01 1.296150166217415300e+00 2.117731125705041251e+01 2.012846562271070994e+01 -1.345781753809292525e+01 -2.717224561375914504e+01 1.405461892240216315e+01 3.918041273017737414e+00 -8.008248132031244637e+00 9.659366814592635464e+00 -1.150952621534099229e+01
2.104480410509784960e+01 8.498828572160889161e-01 -5.046984327300916107e+01 1.613625489487404252e+00 2.093029466647735504e+01 1.799036753004147116e+01 -1.487979215382989651e+01 -2.523152916365149068e+01 1.081927267659976266e+01 8.990143790619912423e+00 -2.697965189571645883e+00 7.878907634320906794e+00 -1.760598797036314522e+01
2.099195711702318334e+01 3.719943015300717359e+00 -5.354194611240357915e+01 5.828215339459868360e+00 1.675617568851102135e+01 1.883166285071127533e+01 -1.430691931376496484e+01 -2.706258396689899115e+01 6.786796680024004047e+00 1.410704277702016540e+01 -1.925076799997092136e+00 6.369631134306649400e+00 -1.917437460967727247e+01
2.081328521289659506e+01 3.895235848245489407e+00 -5.600647315363237055e+01 1.824708672206337701e+00 1.515070234982190556e+01 1.882629589207771303e+01 -9.136978004144420851e+00 -2.422044162081096985e+01 8.461879562269820632e-01 1.028616412822946202e+01 -3.165985275887138517e+00 7.715154311422460331e+00 -1.403839873783406134e+01
2.064222000028619064e+01 5.441074397190893031e+00 -5.157911586176425089e+01 -6.816100100448415633e-01 1.599598727844990442e+01 2.046946509094744115e+01 -2.173648277560089603e+00 -1.999910500610429409e+01 -5.081443185611821178e+00 9.539088064847563331e+00 -2.342803718663766244e+00 3.137399793612248189e+00 -1.702699072442026562e+01
2.038649293587329225e+01 7.719004768390101745e+00 -4.657828491522957393e+01 -2.527707851958090668e+00 1.062711366319977380e+01 1.478262020177798064e+01 -1.698185725569395510e+00 -2.133993536007507785e+01 -9.132682943087441885e+00 1.312767281201018577e+01 1.022246351454395707e+01 1.624082279967950182e+00 -2.095861618488142497e+01
2.041708678320877368e+01 5.438784579215334425e+00 -4.673310736694385525e+01 -3.539459638729257396e+00 1.672675583675565392e+01 1.634031353827265676e+01 -6.091453736047585110e+00 -2.274975995924321737e+01 1.565058578004797196e+00 1.262249479075994607e+01 1.683679230639435032e+00 -7.745019987253307647e-01 -1.909352096189375558e+01
2.052911152923254789e+01 2.565717528460949914e+00 -5.328220421863660050e+01 -6.941922613704063494e+00 1.550540966485942818e+01 2.367389406633602889e+01 -8.492383285377437474e+00 -2.190232750506896409e+01 7.498287319852016353e+00 7.366777726367734758e+00 -1.065247516103237757e+01 6.403977853073127946e+00 -1.232028646556520890e+01
2.068575100533702482e+01 -3.639370077186875885e-01 -5.378134542635158510e+01 -7.689217883738876047e+00 1.705537905135289023e+01 2.759654939630279813e+01 -3.935261508695836241e+00 -2.853290839143775415e+01 1.221972437486749818e+01 2.944076511820544528e+00 -1.605918582796630290e+01 2.337148179915437218e+00 -2.636656949259739591e+00
2.075958948051830788e+01 -1.231959191021654743e+00 -4.886841529209274881e+01 -1.281153005420419966e+01 1.477213770137907822e+01 2.903596827906489608e+01 -9.956846444576074262e+00 -2.996247185992386619e+01 2.184461474027728300e+01 8.085328133823798780e+00 -2.148885170500583897e+01 -2.989312768978057644e+00 -2.490400771395421042e+00
2.073375593580781384e+01 -6.261410237835013382e-01 -4.618606901303665069e+01 -1.316327505330517056e+01 1.350278424535037303e+01 2.474671207326258227e+01 -1.736660257645179328e+01 -2.990389905096598255e+01 2.617792209837225315e+01 1.164788255113485604e+01 -2.167166990808170013e+01 -2.343224956813475757e+00 -2.619230042678962533e+00
2.082495312026650325e+01 -5.087491780091024651e+00 -5.381593441904611552e+01 -1.263630433794147834e+01 1.493434680962687899e+01 2.859258331341780490e+01 -9.153964796409473692e+00 -2.209554446117394377e+01 2.663137279003041868e+01 7.775475679965974329e+00 -2.707687538692893625e+01 -9.730751995034337298e+00 -3.544644631196174345e+00
2.084012743354548647e+01 -9.168678569124235622e+00 -6.326122547308042243e+01 -1.456882887275517291e+01 1.396581763415214361e+01 3.141022014550470232e+01 -6.607065677244452040e+00 -2.258698140566511370e+01 1.660979919057908916e+01 1.090187409333523982e+00 -2.885703281644862273e+01 3.544749049785189676e+00 8.854408167782768402e+00
2.085056722317798261e+01 -2.797328110804708778e+00 -5.718017745740296220e+01 -8.349573345597010032e+00 1.433199805366091972e+01 3.084637990853183709e+01 -5.042347727120050749e+00 -2.278712490520498335e+01 1.987183805534449732e+01 1.104058142871386372e-01 -2.978185621406479910e+01 -3.933248043791184756e+00 -2.031275261807614196e+00
2.088639298511203890e+01 -1.036492131187985111e+00 -5.335099918026548238e+01 -8.380036596609333088e+00 1.139489254890057168e+01 2.288315195644486266e+01 -1.395247033434155703e+01 -2.185454271274622329e+01 2.388892998729730266e+01 6.461535106287226604e+00 -2.033131331905063988e+01 -1.788606160132655498e+00 -7.031885190093684734e+00
2.084263139565797829e+01 -4.166096403944458793e+00 -5.649238746704430270e+01 -1.055205440687210050e+01 1.139949973923373250e+01 1.669973391415306452e+01 -1.355532115232392698e+01 -1.964609689404277759e+01 2.043338726296840946e+01 3.915478436054621980e+00 -1.636805525377670278e+01 -4.377109742938347203e+00 -1.047819180837368158e+01
2.078593622057453771e+01 -1.091893901108976550e+01 -6.418414623333354996e+01 -1.763298144195483275e+01 9.338618335145534743e+00 2.403110072951095333e+01 -1.817784172516213603e+00 -1.574402709220935392e+01 1.477358643829498241e+01 -7.377436343267688990e-02 -2.511841514651565177e+01 -7.299164357947445225e+00 -7.774540735371363809e+00
2.083136260076968327e+01 -1.601186239777856102e+01 -7.011197836767503588e+01 -2.231703447419604558e+01 7.630000751948824878e+00 2.871883945483715550e+01 -1.592497642716032447e+00 -1.185057571537237031e+01 1.154560396439007697e+01 -4.581256137718528798e+00 -1.870559488229977418e+01 -2.177733694796344377e-01 6.641033419750364430e+00
2.063844024613785066e+01 -4.899708775585896348e+00 -5.691935760553727164e+01 -1.450865155288250641e+01 1.379966607434065828e+01 2.566033566096891505e+01 -1.500695388882388626e+00 -1.066769288006715577e+01 1.213490093322167063e+01 -2.647416626899546266e+00 -1.921355034405078399e+01 -7.657598561394760139e+00 -1.214356064906752941e+01
2.050897457091079445e+01 -3.896679362487775133e+00 -5.269013830326900916e+01 -1.608573765868167271e+01 7.905743611506538038e+00 1.353407832991459792e+01 -9.548211200704713519e+00 -1.339149545716701084e+01 1.007569462306885200e+01 4.565316888359055802e+00 -9.677128492002335491e+00 -8.696846018604121653e+00 -1.200011277318694702e+01
2.038625540949821868e+01 -7.123771134183797926e+00 -5.784577499768010966e+01 -2.225396357902751987e+01 4.525000496813770035e+00 1.408849580029149351e+01 -4.140491608963937864e+00 -8.130005553355010406e+00 7.745746432453405994e+00 2.664316039683380932e+00 -4.244727065685051315e+00 -1.280020751354362041e+01 -1.423994899140792114e+01
2.039557932601134027e+01 -6.938536729015154059e+00 -5.676402097240615774e+01 -2.241242829880238219e+01 5.823701144941735741e+00 2.225713217618269368e+01 7.595665888346581518e+00 -6.794385301864397597e+00 1.563709968797509564e+00 -4.972210397646697366e+00 -1.759394271730679637e+00 -1.021568314237436859e+01 -2.098272331709799943e+01
2.043597980645194667e+01 -8.874491718976762478e-01 -5.134246200038224117e+01 -1.457463170645136863e+01 -4.718095979299246623e-01 2.572357779709470549e+01 1.332974309569747184e+01 -1.224857290476041705e+01 -1.177846600079913486e+01 -5.474547808647932889e+00 5.644597959040125623e+00 -1.222778436598073704e+01 -2.251271981543281342e+01
2.049401454163937686e+01 -4.177788934559545919e-01 -4.398414740165883074e+01 -1.586357813339878575e+01 4.246661030530144210e+00 2.053105421314111823e+01 5.525853807468365630e+00 -1.331985323076292893e+01 -3.309369027353770698e-01 6.461373665548807210e+00 2.109180209324422073e+00 -1.422784085668995857e+01 -1.870244522907204399e+01
2.059468047211237618e+01 -1.176589151238202646e+01 -5.728385307647548075e+01 -3.033540553432646547e+01 -7.619012906421055220e+00 8.378999226241084841e+00 -8.706795904425696619e+00 -2.212845188051444012e+01 2.394629929881992414e+00 8.192624303156199161e+00 -3.876183827481090027e+00 -1.334560051310671369e+01 -7.229115027652879277e+00
2.062316067376727702e+01 -3.520963773865271040e+00 -4.785886011282045871e+01 -1.878188360965243930e+01 6.909679040381259796e+00 2.070695921095656189e+01 -4.461734697843683151e+00 -1.475291811078559512e+01 1.158391900098779459e+01 6.397831693272001630e+00 -9.501934218813810062e+00 -9.812694253231985186e+00 -8.413551639457081066e+00
2.061456978503392534e+01 -6.620134266973949799e+00 -6.245210123771937560e+01 -1.879161921933303958e+01 1.056336152157969188e+01 3.411545091621166392e+01 7.414430326996193088e+00 -8.767208578165394783e+00 1.499164246380938081e+01 -6.798716744538644718e+00 -2.378471890437718983e+01 -1.508236391893152728e+01 -8.974253763797550576e+00
2.061007476225114132e+01 -4.470425380446726216e+00 -5.720329751773038396e+01 -1.835427701388471888e+01 5.054446455318667653e+00 2.917951268738570647e+01 -7.415483160974341015e-01 -1.465199047685338662e+01 1.335805927553908390e+01 2.266294592961509924e+00 -2.723502201907623999e+01 -1.636814713024910617e+01 -3.829890592174645669e-01
2.061856740226652462e+01 -8.796985951934495063e+00 -6.121001108274133884e+01 -2.986180123850974155e+01 -2.747900769311292901e+00 1.475970052350030137e+01 -1.061145334140238994e+01 -2.079518043393469995e+01 2.088045454170408632e+01 6.424416087140857989e+00 -2.573436847912542191e+01 -1.447024712082480136e+01 5.524321918678699594e-01
2.063086341357734455e+01 2.459422904055800704e-02 -4.624311266987413660e+01 -1.750287704323887894e+01 8.789684828878034040e+00 1.888592858236459548e+01 -8.171343538309379539e+00 -1.787126057867012818e+01 2.310810771340077707e+01 1.229494940192795482e+01 -2.483492565514074357e+01 -1.011560887239293649e+01 8.462936674690537675e-01
2.066165711236296332e+01 5.715032635216023005e-01 -5.154237620860585878e+01 -1.635740161100278556e+01 6.031528676040875503e+00 2.364991032547664673e+01 -6.428261590682143201e+00 -2.032506617124314374e+01 1.783844371044015631e+01 7.917332011393274804e+00 -2.899695015360215677e+01 -9.007961768198613939e+00 2.529350113779639475e+00
2.069418853647264100e+01 -1.464717021796976582e+01 -7.296395426125593531e+01 -3.299755139299332285e+01 -7.402391914556034180e+00 1.913150561043211084e+01 -8.131147131133030115e+00 -2.437760397176189997e+01 9.287430845653940281e+00 -2.610137942942998723e+00 -3.278600259515989279e+01 -1.553178007018742335e+01 8.611066847465588481e+00
2.060492701962715500e+01 -7.898557605686133520e+00 -5.895575603288768463e+01 -2.511954899652137030e+01 5.044470050680852857e+00 1.953697331294693740e+01 -5.291413971661616422e+00 -1.426600337783713890e+01 1.721169734589313194e+01 4.468831066493160975e+00 -2.916955715166171714e+01 -1.443134518636941088e+01 -4.179109414743427675e-01
2.050451896720791822e+01 7.384867552824578851e-01 -5.036865052943855403e+01 -1.513767512481687305e+01 1.246256102501469520e+01 1.690338400181401468e+01 -5.275074678971551911e+00 -1.217085371256452220e+01 2.282794646553786677e+01 4.260393382295756481e+00 -2.029914568181105849e+01 -1.163271985707270417e+01 -5.400362435041893505e+00
2.042287419368421197e+01 4.477925325663675515e+00 -4.732612624454368699e+01 -1.284994341275779917e+01 1.007986115954031980e+01 1.466258283594768130e+01 -9.868492078364559106e+00 -1.557217236656676818e+01 2.075756749603881701e+01 6.335539026345772484e+00 -1.731762694122485513e+01 -8.498258260560199062e+00 -2.939521183901367518e+00
2.030907664681427249e+01 9.769323386859972702e-01 -5.445366410876913932e+01 -1.526148305689356022e+01 1.120523750895863913e+01 2.433725524125513573e+01 1.693128796156023186e-01 -1.077585111665112194e+01 1.209968972511074625e+01 1.023295684699973451e+00 -2.401631419700019876e+01 -8.969986812164210122e+00 -4.415626985758621004e+00
2.024133916155458834e+01 -9.173103001841814930e+00 -6.758424769844215518e+01 -2.760785084524685828e+01 3.484204432154131670e+00 1.877515098316568043e+01 -1.817220485070893954e+00 -1.654943756193190652e+01 5.785349341647695098e+00 -8.452706746488534151e+00 -1.966887771161923482e+01 -7.449992662393748688e+00 6.044554425987070267e+00
2.009483020983961765e+01 2.419911580231088113e-02 -5.379398598096773298e+01 -1.878095996592417904e+01 1.005016801892229772e+01 2.119925657307778266e+01 -3.983281330397107300e+00 -5.178834507134001619e+00 7.519017598677620207e+00 1.041905797332735917e+00 -1.637258344063884508e+01 -1.145664585421425130e+01 -1.075808099078437508e+01
1.989551058651589344e+01 7.315084662710526153e+00 -4.297047957724045375e+01 -1.478016998047607977e+01 1.008496873537830929e+01 1.372188454905441546e+01 -2.745530927590930759e+00 -1.049561844471499761e+01 7.282586528070108756e+00 8.111284939626633772e+00 -8.103614357417965763e+00 -8.671042914034602589e+00 -1.528656473794484505e+01
1.991519478203395010e+01 5.650246336566191907e+00 -4.512574764655359161e+01 -1.855412674313571131e+01 6.440750531928394196e+00 1.732003179445218777e+01 1.352776605432244539e+00 -9.215879535709456505e+00 1.316728251479431178e+00 4.859194774212553192e+00 -3.422677279931943595e+00 -5.704561873186724696e+00 -2.244817386840942319e+01
1.998420139817651986e+01 -5.624796072128515512e+00 -5.262567834776031361e+01 -2.225298961421934152e+01 8.129531863145675885e+00 3.108727095719024192e+01 2.315990016576752453e+01 -5.328391511932850655e+00 -1.441995915625806113e+01 -6.354257927419316054e+00 -7.127699158211972197e+00 -1.596688543378090941e+01 -2.586210910169891974e+01
2.003811240091536305e+01 -5.271723921490168330e+00 -5.259463036299765548e+01 -2.696960839775590202e+01 4.268594067776919632e-01 2.080003090520699160e+01 6.978159124028282534e+00 -1.447236481536869235e+01 -5.274690167356369308e+00 -9.435368240030758136e-01 1.676303733361941273e-01 -8.807687467881354593e+00 -1.550876345793744981e+01
2.008742480540207964e+01 4.743948534821995189e+00 -4.137427067426566651e+01 -1.665460087597360328e+01 7.972520406925443837e+00 2.118734029390203588e+01 2.361207906974313264e+00 -1.903698715533113628e+01 3.611451828299919065e+00 9.653336540945725019e+00 -6.851385901433109993e+00 -1.534873671600323597e+01 -1.349358929867104528e+01
2.006591677411143593e+01 5.428285381613687122e+00 -4.196737905712322458e+01 -1.531478336740103963e+01 8.095061488347099043e+00 2.090482506644258009e+01 -6.148460744764375541e+00 -1.861448497608934360e+01 7.112802752027979736e+00 1.558890042396100029e+01 -1.309206625723947859e+01 -6.552622820828852390e+00 -1.032346137177067114e+01
2.006175694709165569e+01 1.475886971957714344e+00 -4.882303060698639996e+01 -1.794256158966007675e+01 1.259342159938004535e+01 2.677833232270356945e+01 3.618524818530828302e-01 -1.824643555122849747e+01 8.857851931284654867e+00 9.550639828024468869e+00 -2.062591057906728054e+01 -4.838315685713153513e+00 -2.541033675884917908e+00
2.020960174457731640e+01 -4.631289081931120322e+00 -5.416406353232013515e+01 -1.946530327952052275e+01 1.458831444212086303e+01 3.418756974300868734e+01 -2.005212714225381276e+00 -2.180575087353506092e+01 5.990583736067682352e+00 7.750630761268536562e-01 -2.925145815479166345e+01 -2.180790477048278220e+00 2.812303541364185477e+00
2.036216893542099982e+01 1.054497051112340822e+00 -4.610683192993644752e+01 -1.708540090308711257e+01 8.989801280733002997e+00 2.513479117331633006e+01 -8.686798141703752307e+00 -2.945438810352569448e+01 1.301886630611269702e+01 1.653539365987551335e+01 -2.518157797564296629e+01 -3.422730618599607144e+00 -4.327032902917051227e-01
2.046877409355610666e+01 4.573180722590918457e+00 -4.271018299875909463e+01 -1.066195839103874476e+01 1.083329627916443449e+01 2.804654240373994867e+01 -8.628510219639830225e+00 -3.040742661248031808e+01 1.732809297028588702e+01 2.318397075874743862e+01 -2.374913781768044885e+01 -7.105981343289792918e+00 -3.768951622869193496e+00
2.048642591072326979e+01 4.220726439090486615e+00 -4.715899804316369170e+01 -1.071450948485318300e+01 1.142424468123338066e+01 2.537130175021450640e+01 -7.852936850188676488e+00 -2.962799584781201290e+01 1.750017034811902050e+01 1.573508753427156215e+01 -1.939644351371318365e+01 -2.445792427175598416e+00 -3.047763121857295587e+00
2.046591043338546712e+01 -1.799338139990026120e+00 -5.082267436877268096e+01 -1.327392756499378379e+01 1.783188338751261171e+01 3.389789282073102328e+01 -1.709569873307619670e+00 -2.982656268135960786e+01 1.195428466417833668e+01 9.695432990653463534e+00 -3.165232293408713460e+01 1.880086429148271898e-01 -1.457301011883573305e-01
2.040549852963052047e+01 7.883264111236060190e-01 -4.850070665212219012e+01 -1.320563362792371365e+01 1.376961297062479161e+01 2.871312711184697974e+01 -9.918937914237076825e+00 -3.267734412222704776e+01 1.340043447091480644e+01 1.437777187966143444e+01 -2.227603511348796417e+01 2.310326739315077926e+00 4.377446254360653488e-01
2.038897797183917149e+01 3.328873117334105292e+00 -4.488729436525655103e+01 -8.826675253423546863e+00 1.407249754805516773e+01 2.759841570708627501e+01 -1.433420099306584028e+01 -3.545171880405477083e+01 1.578537594934415722e+01 2.369002441373321588e+01 -2.150252738992223200e+01 5.085827973637538912e-01 -7.104008649331334802e+00
2.037254210404546129e+01 3.612584733535914694e+00 -4.647017248787980037e+01 -6.455021499061535550e+00 1.594608090333234607e+01 2.576822064045006755e+01 -1.421195652782965091e+01 -3.527486674397348310e+01 1.594943838316430096e+01 1.855511721274307746e+01 -1.771754524337730530e+01 2.658023260738652027e+00 -9.419924431783780250e+00
2.027697019772229581e+01 1.786865748729184578e+00 -4.770521390029034592e+01 -9.688096398780620788e+00 1.747680798233466959e+01 2.319679388643878681e+01 -1.198937107897293508e+01 -3.264939249086668838e+01 6.770675567704039999e+00 1.713431958232531827e+01 -1.745605621711968425e+01 5.230512050208767860e+00 -6.244262113609606146e+00
2.010600736052796833e+01 1.524066751274238407e-01 -4.577031093471085654e+01 -1.006966750749637107e+01 2.280172787629244624e+01 2.614658155473205525e+01 -4.762457731234924552e+00 -3.317912383435663770e+01 5.390060764931590143e+00 1.529894203428011323e+01 -1.733925955529359442e+01 7.415647383869792275e-01 -8.940099511315619196e+00
1.998887151123943084e+01 6.501320500232337096e-01 -4.500178354023474725e+01 -9.319122624760209916e+00 1.994019413357320758e+01 2.068559499916436906e+01 -1.325821500892285165e+01 -3.624684007280323783e+01 5.481474566839302121e+00 1.872010127222405984e+01 -6.657695614763388114e+00 6.868363619177177526e+00 -1.066796748303419662e+01
1.984056658991032052e+01 8.361342581915556238e-01 -4.415487476023029245e+01 -8.656139475684097917e+00 2.350382513290695030e+01 2.218482525138941952e+01 -8.676350977956186483e+00 -3.245502841683852324e+01 8.548535692716036083e-01 1.890039324975692736e+01 -5.847087935173937545e+00 3.039494469170436197e+00 -1.622214541990983960e+01
1.970914507350286016e+01 1.136126701476891793e-01 -4.267164721071917199e+01 -1.388282327584058073e+01 1.876065991440161085e+01 2.066624128164972873e+01 -8.717148100199651140e+00 -3.035345530086641475e+01 -7.507496893417019201e+00 2.057328788448938539e+01 -4.686055520482463876e+00 5.235070643095913745e+00 -1.323946558521701888e+01
1.958253356765481357e+01 4.508916960237615013e-01 -3.820938379873146573e+01 -1.527142835662228570e+01 1.579415572512477617e+01 2.047737460204171356e+01 -2.282928558248026985e+00 -2.977306039269927851e+01 -1.399673346089746850e+01 1.906166904269776197e+01 6.457426128964740997e+00 -3.044490214489788293e+00 -2.038079214323461841e+01
1.957352399258915909e+01 1.658900134430769890e+00 -3.466875792561083358e+01 -1.526121796449749368e+01 1.272891312109533324e+01 2.174521833822753791e+01 3.297984230597410971e+00 -2.940315839766167016e+01 -1.654178882200380940e+01 2.553763247791471613e+01 8.714908813639125285e+00 8.056587473759324602e-01 -2.806661796980131029e+01
1.959397804481490013e+01 -2.418407994563360308e+00 -4.170735344796401733e+01 -2.194079834028479326e+01 1.139494527424036008e+01 2.022837887431660775e+01 1.553092019905756738e+00 -3.132643786151487220e+01 -1.258972109917561433e+01 2.205512327700666475e+01 -4.251748819440411609e+00 4.628035342779315275e-01 -9.091113341385039348e+00
1.963283636038512014e+01 -1.966654891980972542e+00 -4.263060589820275936e+01 -1.839213599325256254e+01 1.908218144712990494e+01 3.462180116838425903e+01 2.889268387538403982e+00 -2.810934235637696688e+01 -8.896430908486577138e+00 9.251464938922465464e+00 -1.820726553819016047e+01 -6.553949037683830525e+00 -6.458019608188506844e+00
1.969522931281680300e+01 9.439904308103397312e-01 -4.306972703003231118e+01 -2.123483106580589563e+01 1.245093944852061973e+01 2.375301866007407980e+01 -1.011867146289925756e+01 -2.781786827726622846e+01 1.390440632415651079e+00 1.888461390488773617e+01 -1.538556323084468325e+01 -1.855779020007764402e+00 -5.982096328407583208e+00
1.974136409260518477e+01 1.438375301339642087e+00 -4.139550943715047282e+01 -1.729772704491012547e+01 1.458639527357972909e+01 2.501761247428657597e+01 -5.710471310121209676e+00 -2.850440289778144987e+01 1.177805486413079272e+01 2.254880002313620579e+01 -2.106082911168146055e+01 -1.221944447626291819e+01 -4.908866383948613965e+00
1.975751940319154798e+01 -3.896399545323060210e+00 -4.749324806527866372e+01 -2.605487257158293701e+01 1.187832976896725334e+01 2.172882671555054301e+01 -7.658916827538658545e+00 -2.811195360450970426e+01 9.306670747205274097e+00 1.501473658667847033e+01 -2.386225137699145549e+01 -4.703480403636721263e+00 1.446731330555388828e+00
1.977772907856405027e+01 -1.071120193209384297e+01 -5.841721252870370051e+01 -3.315428097360035764e+01 4.538120564042325888e+00 2.336181736872605441e+01 -5.193724262441691053e+00 -3.077057535993046855e+01 3.943801175396933090e+00 4.829825427697555185e+00 -2.714599321006375021e+01 -9.068438976479114899e+00 5.159155262497423955e+00
1.985250616373491184e+01 -2.356945071422027471e+00 -4.805163881608521592e+01 -2.448041428618405035e+01 1.318117709413288452e+01 3.254034996427005666e+01 -2.778540528422149603e+00 -2.244988668323943415e+01 1.511543964023267606e+01 7.451017337659918027e+00 -2.328207034615743609e+01 -7.201035535130539067e+00 2.826746693814884637e+00
1.990297307512770786e+01 1.078854092689381927e-01 -4.447014897004083878e+01 -2.168365469734681383e+01 1.011897699478889479e+01 2.179386828233567641e+01 -9.253703747427831416e+00 -2.088084774517905728e+01 1.702996568395016297e+01 1.814041205966368508e+01 -1.948650120388860074e+01 -5.833413205623477538e+00 2.615427288850331156e+00
1.998947616716588627e+01 -4.678062939001622844e+00 -4.511015646519589950e+01 -2.363777358196365697e+01 9.919321148593837734e+00 2.338869337516726077e+01 -6.638126502541274121e+00 -2.127434955963229157e+01 1.528908496722055688e+01 1.418499565067901003e+01 -2.549792363198852385e+01 -1.634545173814354158e+01 -1.312030500858520465e+00
2.004505275897472671e+01 -6.861543357418508293e+00 -5.192393170317391338e+01 -2.478261213437752630e+01 1.185132137837526223e+01 2.794874663987548402e+01 -6.457783824809700812e-01 -1.514479202128775626e+01 1.627710365941062776e+01 8.309871094634953437e+00 -2.042531891572102154e+01 -1.416332247913515729e+01 -2.208447421815014078e+00
2.004237877711083726e+01 -1.211271072388423953e+01 -6.230680620287297700e+01 -3.396188930761825731e+01 6.210168285430977875e+00 2.623629871928553214e+01 -4.312293176447528076e+00 -2.756073062865462475e+01 -4.548387618398611054e-01 -4.193845690086836164e+00 -3.498890046420191879e+01 -8.984422081030032814e+00 6.643688524863822664e+00
2.000160455837743001e+01 -3.260418265300378593e+00 -5.174055118541707543e+01 -2.378546768536076073e+01 8.742724327068238210e+00 2.314285420481380129e+01 5.420022793308154618e-01 -2.029325511915897806e+01 1.171106439695574863e+01 7.259212217570242487e+00 -2.256550302406009223e+01 -1.055248199886495541e+01 8.520894280330427728e-01
1.987135034390268729e+01 -3.815787809822387189e+00 -4.988465824902304746e+01 -2.893950429015809789e+01 4.328030646381783697e+00 1.443552159076057606e+01 -8.471454575659199904e+00 -2.021876953688978418e+01 1.293793574222687326e+01 7.022805679260422984e+00 -2.003212953479301106e+01 -1.411385246519031966e+01 -1.822090256326876601e+00
1.973716234745002041e+01 -3.668051304581224414e+00 -4.684287684352713654e+01 -2.559972946246385206e+01 7.718348095982578982e+00 1.767333621401113675e+01 -1.988996478792190103e+00 -9.907724137345196525e+00 1.262981662001834771e+01 1.061642524043074332e+01 -1.884515129862311866e+01 -1.626380288720345746e+01 -7.093253035315741251e+00
1.970396259632150304e+01 6.121967373640999632e-01 -4.359610439079316535e+01 -2.522285708986310482e+01 8.459014778993596551e+00 2.282128698733384198e+01 9.073507720696090129e-01 -1.002359606211131826e+01 3.949962519085882029e+00 5.410485423019552265e+00 -1.802753144455594736e+01 -1.178118059174772370e+01 -1.096371657389981635e+01
1.969255931702601359e+01 -5.106471385761511605e+00 -5.099613381536616430e+01 -2.868332491530386719e+01 3.535857305137298123e+00 3.058443519414763045e+01 7.943333590391798538e+00 -8.198323864797758986e+00 5.127229220396511522e+00 2.612272702916838885e+00 -1.644776780830856922e+01 -1.271373730277032266e+01 -7.362576500438818172e+00
1.964927810243939632e+01 -1.974630733706379981e+00 -4.521434069374380726e+01 -2.956100959196542277e+01 -1.616777914669533356e+00 1.651686371442759338e+01 3.141023481605454304e+00 -1.045483688801473576e+01 -2.251333255107900833e+00 8.377055723124964715e+00 -2.732814940665214909e+00 -1.441717607812353208e+01 -1.014578004594990901e+01
1.948628781239110452e+01 -6.686449759906457624e-01 -3.839240336343828375e+01 -2.760807671875422642e+01 -7.506932462422341246e+00 1.658023065268873353e+01 3.475208027187588034e+00 -9.815091652919837983e+00 -3.389491506479378913e+00 8.871731848782406615e+00 2.661371553299186843e+00 -1.489666997247345392e+01 -1.728015577402804936e+01
1.945260315592171096e+01 4.758333497953316282e+00 -3.382804555785334344e+01 -2.276409053799842042e+01 -9.788098357691401574e-01 2.179150559323386105e+01 8.168609467272455404e+00 -1.008250404260446587e+01 3.599235166838835598e-01 5.288441553439173326e+00 -2.138599780782594273e+00 -1.257591337999379633e+01 -2.350525557764050788e+01
1.942401925291254017e+01 -3.566761086117455459e+00 -4.848972762732729791e+01 -3.314544085983578015e+01 -4.672647052979819193e+00 2.528031811147098296e+01 1.169968266075455787e+01 -7.608263958733291865e+00 1.794658360207876058e+00 5.508525395713335548e+00 -8.466404481522523895e+00 -1.009571979632093708e+01 -1.131511587175198841e+01
1.936440082988753275e+01 1.024431049050535281e+00 -4.444738174289609134e+01 -2.685557123296599968e+01 -7.577507390262906428e-01 2.202309403361876861e+01 3.969545355228831784e+00 -9.555721545763104174e+00 3.057266704610542618e+00 7.209814742732612025e+00 -1.286246982837334230e+01 -1.585769544132105580e+01 -6.662765872285924651e+00
1.933006701006833339e+01 -3.053389370297883154e+00 -4.852991324797761052e+01 -3.371355621608400099e+01 -1.942215566767154789e+00 1.049434174239049788e+01 -4.010183040606929872e+00 -7.600281971077915699e+00 7.501604163200430442e+00 1.134475348769075076e+01 -1.455251222000478428e+01 -8.649533532979649664e+00 -4.834502535269116663e+00
1.929285084701608710e+01 5.501145301063929516e+00 -3.847095715725417620e+01 -2.293571988466897693e+01 4.084383959107858786e+00 1.313986579755866657e+01 -4.204127582347799930e+00 -8.752053469713469980e+00 9.457898512059909280e+00 1.374748406730348371e+01 -1.863637274499772190e+01 -1.541737592153174319e+01 -7.432525547635935759e+00
1.931709626241591948e+01 3.843538633398488003e+00 -4.352012504339764831e+01 -2.381190321873956250e+01 8.099671773865164681e+00 2.006660203135842480e+01 5.408793766359918820e+00 -7.347636738937441514e+00 9.926127707248328491e+00 5.877415385559150884e+00 -2.432519683213455863e+01 -1.471956066903236149e+01 -8.260042370420752178e+00
1.929275329895996904e+01 -7.648720317783548772e+00 -5.501331583859705177e+01 -3.643027874184156190e+01 2.167554396641897974e+00 2.257657784053319361e+01 2.624361307780431307e+00 -5.266435072545569085e+00 2.996072862394847380e+00 2.637268564535252491e+00 -2.687955704195669071e+01 -1.136254102242214259e+01 -2.069447417211668139e+00
1.921006753986517523e+01 -2.813662029143831234e+00 -4.927307812442290214e+01 -3.219247685828585048e+01 2.278017265914261458e+00 1.504257077144513666e+01 -2.633552965299500226e+00 -9.311868966915222146e+00 1.089526886266128791e+01 8.213660787549303066e+00 -2.367524499423827677e+01 -1.088318488972492304e+01 -1.524241262842986000e+00
1.916932408880131433e+01 2.492461963539586378e+00 -3.880508127078672231e+01 -2.362556014594895260e+01 5.838275295808766252e+00 1.553087362916144265e+01 -9.220882355678405418e+00 -6.793569183642764742e+00 1.251433565175149987e+01 1.032996774141968110e+01 -2.056517404438071139e+01 -1.707131625910723116e+01 3.523245126227282364e-01
1.913513339372238065e+01 7.344872635478303380e+00 -3.806144368782358356e+01 -2.297790102410022328e+01 9.960255410429788014e+00 1.537482094496347962e+01 -1.016614658677716143e+01 -4.656491679178874854e+00 1.199017713897151438e+01 1.023080744046447776e+01 -2.237906855973964682e+01 -1.495279770146299825e+01 -2.058513533863031597e+00
1.908633856964664943e+01 -1.750082673323087645e+00 -4.956550310130802472e+01 -3.001366880826344286e+01 7.275102070394717124e+00 2.262408396598340943e+01 3.686386627423359652e+00 -5.218358030369063982e+00 1.037023054092895791e+01 3.768858604295230119e+00 -3.267513422480752894e+01 -1.546646076595316721e+01 -2.250774904732111281e+00
1.908582296705198900e+01 -2.111874652131183527e+00 -4.822561156345102518e+01 -2.943167950599481486e+01 7.210948800571685524e+00 2.294388627996095664e+01 4.107126730222958599e+00 -3.257149733955054138e+00 1.185293724425260109e+01 1.110518343675559549e+01 -3.221834496887201027e+01 -1.220881152002305114e+01 2.337014159248426814e+00
1.893706517638455722e+01 -1.814580296935645709e+00 -4.549526561572793071e+01 -2.872899260575723801e+01 3.167558554050624142e+00 1.174648683902335122e+01 -3.338520693299451114e+00 -8.150954489222181465e+00 1.063781154322931677e+01 4.690335723970784798e+00 -2.741848370161218895e+01 -1.514590084079132382e+01 -3.015163903966499026e-01
1.890369826752668914e+01 5.399861829610165920e+00 -3.739213044406003661e+01 -2.246281837580972507e+01 5.250671145472824541e+00 1.040096996618203562e+01 -8.882022111358308436e+00 -5.843764531013718511e+00 1.044503765567973552e+01 1.277048337106096199e+01 -2.264884181746368341e+01 -1.275561669625841255e+01 -4.953419524719891776e+00
1.884927035912089011e+01 3.956779464712508076e+00 -3.739662352689457236e+01 -2.561183025504666588e+01 9.053198298245190401e+00 2.138440149405117552e+01 -1.843005017642159959e+00 -2.637275522496037361e+00 4.870128927409179020e+00 1.116306527966837336e+01 -2.124338888247895341e+01 -1.120264478645232664e+01 -6.236636606335805411e+00
1.884884904466777655e+01 -1.103573239495960046e+01 -5.684278744539251704e+01 -4.327162239185611270e+01 -6.230734508748633438e+00 1.119795753956633533e+01 -3.476411084081506342e+00 -1.530272496628264101e+01 -1.303942149816813867e+01 4.559084591110885043e+00 -3.085037564535260657e+01 -9.881220311035011861e+00 2.779306604642659995e+00
1.881688177900382897e+01 -4.934522027972969127e+00 -4.576731364814819614e+01 -3.270844275030370341e+01 6.450582554359482579e+00 2.269860432741043255e+01 9.178368144059241729e+00 -1.728124942324903879e+00 4.397993910894073544e+00 8.438149475744815220e+00 -2.190190552669412227e+01 -1.218231220306240381e+01 -7.575290433052091821e+00
1.873486698260942518e+01 5.351410613495339419e+00 -3.316134905427088597e+01 -2.463134057166622171e+01 3.406543937755693197e+00 1.591050001469814035e+01 4.530410506121250180e-01 -6.381414571414409487e+00 -1.247784891851682731e+00 1.240540124753941242e+01 -1.492819387188479752e+01 -1.242897249696166995e+01 -1.693881686942706821e+01
1.859368383559109006e+01 7.204845974445971635e+00 -3.017555824068299941e+01 -2.516537669698060142e+01 2.230787853909182328e+00 1.539137860421077697e+01 -8.383538510053667459e-01 -5.984666116992775287e+00 -1.379060143587039988e+00 1.174035589785586531e+01 -7.775848058963914511e+00 -1.157545172120138766e+01 -1.496757831478494616e+01
1.868096205865620618e+01 -2.022555922440333109e+00 -4.013610139857537717e+01 -3.013395232425715520e+01 -2.193699878547346938e+00 2.450425113601957960e+01 1.278614703687122223e+01 -2.691695634162810435e+00 -1.462557334969002021e+01 8.773236792303567011e-01 -7.637221211961088940e+00 -1.693054342580140315e+01 -2.075257949847878436e+01
1.881171614737975517e+01 -7.138883157034718430e+00 -4.614402860920943539e+01 -3.785834366311341626e+01 -4.299095216932411923e+00 2.036753295660832919e+01 1.033579810462875415e+01 -1.353599845184713679e+01 -2.423948411880406084e+01 -5.440828307070732173e+00 -1.549801973319091353e+01 -1.256819924009022671e+01 -1.441326450952606564e+01
1.876794379256288181e+01 2.125293814869441800e+00 -3.508859317922373577e+01 -2.546673598767648627e+01 4.732474496435927769e+00 2.359601905104730335e+01 8.868122899345893373e+00 -4.594148062600900140e+00 -1.078372119743284152e+01 1.000501882982855228e+01 -8.360463836460329645e+00 -1.822716718703004446e+01 -1.611635044367816150e+01
1.869697421553993877e+01 5.678319659071895842e+00 -3.180705875421904949e+01 -2.355558202230916720e+01 5.459696203839922823e+00 1.720662196950299005e+01 -3.717282331710648702e+00 -1.095130698384484980e+01 2.335255713823023438e-01 1.575188662609345158e+01 -7.562984393737296251e+00 -1.399817049867165153e+01 -1.018493174679177571e+01
1.869114464745219806e+01 -6.998201174853664608e-02 -3.799817546949608982e+01 -2.644727658583071062e+01 5.343690758951313846e+00 1.853379643341380500e+01 -2.531175171300592108e+00 -1.345141018854134352e+01 -2.063824078671140927e-01 1.615566191195447132e+01 -1.629048280177794084e+01 -1.083760534622402538e+01 -4.289492220397186806e+00
1.876453067037321176e+01 -7.741654758817295701e+00 -4.631880404048641964e+01 -2.825881524823576640e+01 1.302555246805446565e+01 2.723716336282678441e+01 4.430946402682400809e+00 -2.075744067132398030e+01 -1.777370446817647220e+01 -3.986154226159484892e+00 -3.364424705001098204e+01 -1.544227888093161916e+01 3.916170132372749357e-01
1.876953587512347355e+01 -4.896409255460055121e+00 -4.505982613436976436e+01 -2.665068247578553340e+01 9.092859754659606608e+00 2.163514389636924662e+01 7.068131008475724286e-01 -1.737305523813451202e+01 -3.220675437021891074e+00 1.029679529527257564e+01 -1.881381709706286642e+01 -9.806081081069768501e+00 1.281521151084725973e+00
1.869619816641369781e+01 2.896771629373092072e+00 -3.614648464795080685e+01 -1.635598004656290883e+01 1.133135184961474096e+01 2.033809913103366895e+01 -6.426244594499056717e+00 -1.341070910718297071e+01 1.318205332709199595e+00 1.458911053798776436e+01 -1.496800968566562950e+01 -8.877224090454587824e+00 -1.348972704571690251e+01
1.865930087657945791e+01 -1.131128127244038994e+00 -3.700561947699451792e+01 -2.046209235935738491e+01 8.005033444250582164e+00 1.794508661345529532e+01 -1.185021660416466460e+01 -1.966129903133599299e+01 2.619567001237860904e+00 1.965469506840210556e+01 -1.183878588294135525e+01 -8.002812817174078219e+00 -5.928003075080905404e+00
1.863401661491680983e+01 -5.578176243136813817e+00 -4.135028765192489431e+01 -1.893016331346156633e+01 1.458099264838477360e+01 2.228813295373538494e+01 -6.318763570196990642e+00 -1.541660514258891723e+01 -9.120066847046150116e+00 8.195729720965728049e+00 -1.675988979642023935e+01 -1.225760016340437986e+01 -9.357731825109020463e+00
1.852206106467505720e+01 -6.632290710187866978e+00 -4.293329099961425754e+01 -1.909268920167658479e+01 1.635640767206925261e+01 2.097792581205533224e+01 -7.517748841404453763e+00 -1.735779252692380226e+01 -1.306512735551107340e+01 7.497846408155719011e+00 -1.293720007093181046e+01 -7.205010520261692974e+00 -3.509263545440324705e+00
1.836930067172704639e+01 -4.106899917127836197e+00 -3.943830017464741644e+01 -1.900078903653029627e+01 1.584068879062148127e+01 1.946813919148756966e+01 -1.482125320220501408e+01 -1.523277786384506882e+01 -2.474319234484667618e+00 2.136945454624940055e+01 -1.257486138214038718e+01 -3.332112297770511322e+00 -1.137727337113357962e+01
1.818595561185435727e+01 -5.950249974396321306e+00 -4.055205002061738639e+01 -1.902543661120528995e+01 1.563968223517160716e+01 1.382201873251660906e+01 -1.756861088583227115e+01 -2.277913743670865543e+01 -2.946020510549892890e+00 1.333876253734753625e+01 -4.113974715698874185e+00 -9.003311583648608618e+00 -1.207699980045574151e+01
1.809230070227787834e+01 -5.933652068978584992e+00 -3.966684464982175484e+01 -1.689836205742654940e+01 1.879147751837594171e+01 1.504572405681379621e+01 -9.327221864997989442e+00 -2.159393199310742517e+01 -5.876610845896793833e+00 1.876334448915574526e+01 -7.225232965565679955e+00 -1.603034453931788228e+00 -5.154118829794455792e+00
1.801219464369682655e+01 -5.377235630829991564e+00 -3.660222113682306144e+01 -1.505944605478726039e+01 2.504680965413792038e+01 2.059756994459043611e+01 -8.863945081109756430e+00 -1.965934050557360280e+01 -6.599864576752790590e+00 1.520578298116164007e+01 -1.376843076112829856e+01 -1.156151092912359246e+01 -1.272755514012022360e+01
1.789312164302279839e+01 -6.955128647524025709e+00 -3.828573639037622911e+01 -2.065232858847192787e+01 1.447220875281040264e+01 1.297282677701479869e+01 -2.007417228849944024e+01 -2.355924138447400651e+01 -4.053975920821584644e+00 1.668522039857039374e+01 -5.788635646166630622e+00 -4.462188211758292056e+00 -4.124955403218062422e+00
1.773915281912042019e+01 -9.595430055125232727e+00 -3.855339195061383606e+01 -1.801521157620534908e+01 1.561087274237225664e+01 2.046108396591736778e+01 -8.115435511237784283e+00 -2.008875075477093830e+01 -7.697592162520393799e+00 8.191568345546199836e+00 -1.406168086261049055e+01 -3.214653059686367609e-01 3.281707343234352869e+00
1.766271230044209162e+01 -1.259625340162189211e+01 -4.270942575913169037e+01 -2.570473860033063573e+01 6.522084107094495486e+00 1.705339280156876214e+01 -3.761843230190376808e+00 -2.531041777413984306e+01 -2.043302746351790589e+01 -1.139889847726506256e+00 -9.483283666867039940e+00 -7.015429832616168149e+00 8.878910639097833402e-01
1.817274703651801460e+01 -1.376876844700302804e+01 -4.586453807360803836e+01 -1.148326392923129990e+00 1.947256980222761946e+00 3.796967811475537857e+00 5.899393852744828415e+00 -6.966358996595910291e+00 -1.664341981702459705e+01 8.589016699081637451e-01 -3.564287136194562056e+00 2.404986120566857677e-01 -1.608919377337991108e+01
1.763129603718155636e+01 -6.044649321820590337e+00 -3.391725603419809687e+01 -7.474230523111264901e+00 5.389615357994495426e+00 7.351407161349593267e+00 7.572524540214168098e+00 -4.737446307796469469e+00 -9.290603081190017321e+00 1.373845920946951438e+01 -2.895828602594312073e+00 -1.345740690457042632e+01 -1.982824639316397253e+01
1.759740083369026564e+01 -1.024366165952791974e+01 -4.084039379717699347e+01 -2.090271899347154871e+01 -5.790644253432787103e+00 1.012842723190336613e+01 5.015368402191488606e+00 -7.898813769091786341e+00 -1.115359706394173323e+01 8.769673844413553354e+00 4.182592212116179597e-01 -3.430681969530655628e+00 -7.100285655541822116e+00
1.775179542130937094e+01 -1.019242300230398790e+01 -4.214584138557567883e+01 -2.070651684025600048e+01 -7.203590302526047262e-02 1.811101843283591251e+01 1.341107458097873284e+01 -8.343739067479566174e+00 -9.073415566284539935e+00 6.727398397451977985e+00 -9.203856402008968374e+00 -6.566799666950141834e+00 -1.657922505101492971e+00
1.787438655686917954e+01 -8.364848283019986397e+00 -4.181563358912499950e+01 -2.710907349935082067e+01 -3.116379707538223798e-01 1.185571182074468943e+01 6.062820207957604346e+00 -5.417772290801978308e+00 -1.415780083966597580e+01 7.268510227449460182e+00 -4.022392686404672624e+00 2.089448354667319041e+00 5.465704551472722050e-02
1.789355155208415837e+01 -4.682844638015210559e-01 -3.225384369376613591e+01 -1.997137516862605011e+01 4.807962067999042688e+00 1.341844249831576263e+01 7.690654260343796622e+00 -3.338261538705030951e+00 -4.372825891338744775e+00 7.560329198066949807e+00 -7.749454217960875191e+00 -1.814559685121852084e+01 -1.865312024510360445e+01
1.797612624710418316e+01 -6.638717201046254068e+00 -4.021713434891518091e+01 -2.659077567767370098e+01 -3.687071485573128804e+00 6.083018452081127236e+00 -6.059113871658328598e+00 -6.972096884356581370e+00 -4.153132659854809283e+00 5.931241761623980757e+00 -1.834437271745987630e+01 -2.083572641759836586e+01 -1.859756046284652342e+01
1.810691361487927864e+01 -3.995059506955876749e+00 -3.847939702936416495e+01 -2.807238422049329785e+01 -1.327670037090862010e-01 1.668525302217932094e+01 1.006077944013989978e+00 -6.077465683143222996e+00 3.252731726938386192e+00 1.124699811375913683e+01 -1.062536908267139957e+01 -5.442212776442440614e+00 -3.142377781503609580e+00
1.807797997660006217e+01 -2.949354158996787323e+00 -4.112479953415773792e+01 -2.671117026217391555e+01 1.132418568148144233e+00 1.725578192528867660e+01 6.431997540072929453e+00 -3.306314180569820405e+00 -4.418516380562703461e+00 1.558980084526431931e+01 -2.227727633146828978e+01 -3.320470138185521947e+00 -1.497181100158144540e+00
1.809104369018932701e+01 4.310285816470419418e-01 -3.519497609491084944e+01 -2.614564855202861082e+01 1.906011993307093144e+00 1.634185598743485457e+01 4.790205166098418843e+00 -5.523780567366101124e+00 -1.473568059217490733e-01 1.283502368154968387e+01 -1.667513276613507500e+01 -1.358280435429404065e+01 -4.832099959256789035e+00
1.813355616086473887e+01 -2.092632353324304084e+00 -3.727044383967591301e+01 -2.026062313719977936e+01 2.605128516626171731e+00 1.311338703219707646e+01 3.618716956264856233e+00 -5.982297936899757751e+00 4.942477595069266094e+00 1.141491871283068882e+01 -2.637504914876139495e+01 -2.117535468547821864e+01 -9.208956400188291980e+00
1.817788401094810169e+01 -7.872313917734182098e+00 -4.555232541669743540e+01 -2.885124175169963578e+01 4.308684968538889493e-01 2.240217824771053579e+00 3.181661935165911448e+00 -5.266465287736127543e+00 -4.328848518814247370e+00 1.195076751420050876e+01 -2.417582462638554830e+01 -1.798866708494782785e+01 -5.555300940836415791e+00
1.819599906682515922e+01 -2.836292571672995866e+00 -4.010204533768711599e+01 -2.964654930979491354e+01 9.693857551463375133e-01 1.237679112969594364e+01 3.433073385201503847e-01 -5.514989057103909076e+00 -2.481795468565789697e+00 9.749968581413622104e+00 -1.489267291268133242e+01 -8.388464793800919139e+00 -3.933109309897186101e+00
1.817835791369939713e+01 -4.980901632529159961e+00 -4.469656707321613709e+01 -3.166345988282881763e+01 -2.709765799055240620e+00 1.021262153686089569e+01 1.916906790493742685e+00 -9.968210380382856783e+00 -3.400172522796443886e+00 2.959826891235751045e+00 -1.281301127708832688e+01 -1.276699149780600528e+01 -2.495988892992951680e+00
1.818898798060827104e+01 1.681058260774884294e+00 -3.476255211566969905e+01 -2.237715258739910951e+01 2.257952777469014904e+00 1.124292236734728156e+01 2.752812034047069645e+00 -9.085253305295934112e+00 1.647463597679683867e+00 7.413609216466445773e+00 -1.639970344719015216e+01 -1.692900084678980477e+01 -1.237663623615899056e+01
1.812384037390809155e+01 -6.017271614189549034e+00 -3.799120764789835647e+01 -2.538465327971738006e+01 4.783163320633861959e-01 1.426287218481587971e+01 4.932614456800239466e+00 2.696178822954016230e+00 4.760357475977932573e+00 1.327316776116984087e+01 -1.835077372266617246e+01 -2.152940661418196200e+01 -1.330543596134187467e+01
1.801592048031192661e+01 -5.873937415187716615e-01 -3.446936119700835377e+01 -2.570944653633257815e+01 4.878662162363558430e+00 1.393112042738223444e+01 4.025838111947434683e+00 4.362763271523699693e+00 -1.316460134382589908e+00 1.097723328315723279e+01 -1.600356962510359082e+01 -1.409732199086517923e+01 -1.389073978176638668e+01
1.790427016584719766e+01 -5.654734013706585571e+00 -4.002957034863469943e+01 -3.412530414920501443e+01 -4.086172263435932983e+00 9.326001298066676881e+00 4.531751261317472412e+00 -5.352578691958439272e+00 -1.061675401051819811e+01 1.209095083793115144e+01 -1.674012908379669895e+01 -8.298195679903466626e+00 1.446728729359468835e+00
1.766133677211622910e+01 -1.338913130053700051e+00 -3.175943308776296803e+01 -2.626778646886626234e+01 -2.468841750571690863e+00 1.155867855469278105e+01 3.111718684618601571e+00 -9.978820575566902384e-01 -1.122698432550809589e+00 7.271690124126175547e+00 -9.495315321718109658e+00 -1.079605975718901689e+01 -7.702834528187846530e+00
1.760065461715634072e+01 -3.554136570902363346e+00 -3.305198377777048080e+01 -1.969558776135023237e+01 -2.751564898760662015e+00 7.828309374206542159e+00 7.357379009305650364e+00 2.126136307536726555e+00 6.751106463299827443e-01 1.181190034935310074e+01 -2.017875321353586315e+01 -1.831431949456054298e+01 -1.343259245586619777e+01
1.754931963542799522e+01 -3.371251029752016848e+00 -3.105886143580569936e+01 -2.364266894107889172e+01 -4.062415114494044133e+00 1.241450228113878040e+01 1.206437893990914567e+01 2.857716628412243498e+00 -3.933220892143976410e+00 1.051787575520569185e+01 -1.607002455028087340e+01 -2.594280731865136858e+01 -1.405939379554022572e+01
1.758701609283317779e+01 -1.080336203643018855e+00 -3.133580201969083845e+01 -2.693875068078318336e+01 -7.624999083870182659e+00 1.411488720328627622e+01 9.630084382650341723e+00 1.551642422066018767e+00 -7.135353130737804861e+00 1.038096499106335457e+01 -8.996511590141178516e+00 -4.472322349681180143e+00 -1.151924561845369510e+01
1.748630567274915748e+01 -4.715654417272777010e+00 -3.664637996745399562e+01 -2.847192535225018872e+01 -1.077216721762431462e+01 5.085946369499151132e+00 1.046606903935715494e+01 -9.239149522343086396e-01 -1.623598844220140691e+01 4.133016830253550822e+00 -9.783576470171336581e+00 -9.771468854439318008e+00 -1.267804929507767220e+01
1.741985795984697916e+01 -2.269061376161546351e-01 -3.004871461007174460e+01 -2.269117228768281791e+01 -2.346391893903375880e+00 3.556200656446134367e+00 5.564868637745097324e+00 3.955900811771231762e+00 -6.728169197265541079e+00 1.050506516731317141e+01 -1.094461798661048846e+01 -1.495185076291336301e+01 -9.083067523961739553e+00
1.741713034555975526e+01 -8.316324044885647027e+00 -3.763433277009597333e+01 -2.886357558143761892e+01 -8.568065008801950100e+00 2.168212830743836417e+00 -2.070153436008518089e+00 3.835114745393068958e+00 1.123281821932963220e+00 1.361500972620645911e+01 -1.882466653706203630e+01 -1.309118066534805536e+01 -5.816041695793075839e+00
1.732799959922800070e+01 -2.107050043691705010e+00 -3.036008192273250472e+01 -2.427233639570685853e+01 7.348346198103523907e-02 1.245034819350099298e+01 7.382769499878659936e+00 3.782809113787027222e+00 3.293685424730552036e+00 5.925838492999650597e+00 -2.052666457404797384e+01 -1.460817716223739282e+01 -1.280548169985443252e+01
1.734974590295298214e+01 -7.925215694316736226e+00 -4.229174481490692017e+01 -2.803647716393641076e+01 -4.076699789976389710e+00 1.247499120625260716e+01 1.196876532944294702e+01 2.466950705889751738e+00 3.293674002899339204e+00 9.988945442291575105e+00 -1.401253298583526252e+01 -3.384292352893311318e+00 3.783414412938812532e+00
1.736404584494464842e+01 -5.985655148825859584e+00 -3.693612796236681106e+01 -2.733760277274362949e+01 1.312247274867512470e+00 9.672212893459715133e+00 3.906567596587824376e+00 -1.645496460495977642e+00 5.114532139423734414e+00 4.893638620134757033e+00 -1.454030124849495209e+01 -1.151479627796668481e+01 2.705332054273249742e+00
