2.154456721383071027e+01 -5.945067763166752783e+00 -5.606044776457405021e+01 1.283756044756905901e+01 -5.129988634005847814e+00 1.168903560274971021e+01 2.449523277627145745e+01 -2.665840405531606550e+01 -3.448227584093838782e+00 -4.577141748669502519e+00 5.139094167099239385e+00 7.446397872373996307e+00 -1.215280809002536699e+01
2.153454565133881005e+01 1.692669004589557602e+00 -5.021623709929779977e+01 1.494577718342803152e+01 -5.356096105392941453e+00 9.046169802568950757e+00 1.995336341219964638e+01 -2.872827555420980872e+01 -3.240922783926349027e+00 -2.213128787978631273e-01 4.551443004933358516e+00 6.420547664324492310e+00 -1.123462238783023004e+01
2.163731889065564573e+01 -2.845559269333985064e+00 -4.715060061881433739e+01 9.322873124292627267e+00 8.954109551789447563e-01 2.782981943586963158e+00 2.594023330617169165e+01 -2.323155183822455783e+01 -1.943857441014577603e+01 -1.104750181552786703e+00 1.228084069512927279e+01 9.022351079685375197e+00 -1.220858417127160500e+01
2.179121374370203412e+01 -1.405763845913471854e+01 -8.105171387868843169e+01 -9.952482945326371677e+00 -1.684832796724532500e+01 -5.372165730063212408e+00 3.109438727163881211e+01 -1.283579072779063068e+01 -9.326277341768269835e+00 4.545614025700384531e+00 2.910128801068600524e+01 8.801506903652430935e+00 -1.033265594343466987e+01
2.171555010521120366e+01 -7.398415129050389893e+00 -5.332921514166086041e+01 -1.865154318215064055e+00 1.067056425105791462e+00 5.116463311994854379e+00 2.937436050270589405e+01 -1.178471135504385181e+01 -2.592325705958640825e+01 8.785399323197976562e-01 1.841558492733789265e+01 5.434675703958210313e+00 -1.681870643938916032e+01
2.177969586415896686e+01 -1.566629128040103902e+00 -4.829756741116123919e+01 -3.996038733610127291e+00 2.610439186975768155e+00 2.842410783234341043e+00 2.807169471214128009e+01 -1.182636133499088160e+01 -2.461808513322352354e+01 2.544113525520629970e+00 1.588260018165846787e+01 4.849651686101672965e+00 -1.779038481820951034e+01
2.164321105098159137e+01 -1.758869348481929151e+01 -6.170329605224015523e+01 -2.411028485788483167e+01 -8.983709195373313250e+00 -9.176665836763718831e-01 1.473985255672868711e+01 -1.380396740394420974e+01 -2.267148173734584304e+01 6.323472446014585913e+00 1.895514358061209492e+01 1.528332141805920363e+00 -1.014323099134965567e+01
2.153342158330076472e+01 -4.962394490058133378e+00 -6.340909770380076083e+01 -1.509002722807611718e+01 -1.053229083411551192e+00 3.754873852195079742e-01 2.093997388094040346e+01 -1.498504815657820366e+01 -1.786847280266701787e+01 7.195157004464644679e+00 1.832835727214166965e+01 6.686548396907004310e+00 -4.495350473472213615e+00
2.139700793505860688e+01 -2.187801279675115840e+00 -6.759039602268494207e+01 -1.505375659709464387e+01 -2.126386673694979468e+00 4.521738291558098588e+00 2.765654299569187557e+01 -1.760031808513371843e+01 -7.676010409816888647e+00 6.945949017160595318e+00 1.418312989588554629e+01 1.568932583286321680e+00 -2.300150697370561215e+00
2.126617267583641180e+01 8.074131760089892751e+00 -5.401756328876470548e+01 -4.042418110291429834e+00 5.552443583345462841e+00 4.763054892690405495e+00 2.736759768652615321e+01 -2.266600735500093933e+01 -1.481414137078388471e+01 1.498466404790587347e+00 1.447424019061250888e+01 -2.472748059447581248e+00 -2.899436309409149981e+00
2.111084054098785145e+01 3.630872186937594837e+00 -4.132106344616972393e+01 -7.214979503485754009e+00 6.614577945332253961e+00 1.249991905224218058e+01 1.739480533626281300e+01 -1.820646075868125635e+01 -2.173670003432114584e+01 5.524896644173833415e+00 9.134128660657468757e+00 -3.690781316397540035e+00 -8.991928792917637248e-01
2.089954096336379763e+01 -4.803676911875210287e+00 -5.342473789435238984e+01 -1.849198272343114624e+01 8.015154604272067829e-01 8.463049482726040296e+00 2.167711001385707448e+01 -1.485081309837227259e+01 -1.452118334641075847e+01 1.194762481704999502e+01 8.810068797625039139e+00 -2.692845268938565795e+00 -2.188372292722068568e+00
2.065263096139399934e+01 -5.822319462813537072e+00 -7.273106385020359710e+01 -2.951067421956561887e+01 -9.937408026260646565e+00 -4.379338037449031162e+00 2.491304982889424835e+01 -1.701650592608939050e+01 -1.756756013596357802e+00 1.112256885902910142e+01 1.599385724113218821e+01 7.122184133037589016e-01 5.045020451112950388e-01
2.043531414778669486e+01 -1.571991980076209661e+00 -6.672261087189542650e+01 -2.823547047459793546e+01 -8.288515293193334799e+00 -6.926338942683517352e+00 1.814041518586817503e+01 -2.253107472246574972e+01 -1.241622326149407840e+01 1.020256904442624446e+01 7.988986146612604422e+00 3.397456236698648713e+00 4.621458977973249560e+00
2.016448478974182379e+01 -5.966802774713904967e+00 -6.406409523556193619e+01 -3.224837030524635395e+01 -7.256291905028255051e+00 1.524872108349156763e+00 2.550540605132395200e+01 -3.988564042346605554e+00 -2.672296383329939573e-01 1.594487634112145358e+01 1.305961401526847254e+01 1.067899161892774229e+00 3.932741515537730770e+00
1.992171758044595009e+01 7.502865371243601089e+00 -5.111766910228380567e+01 -1.793396701214773614e+01 5.060152379003802992e+00 -2.018493416046920341e+00 2.842289061878095069e+01 -1.855317381496679729e+01 -9.821516885235041627e+00 9.710605077239149452e+00 -1.653571900300709885e-01 3.943933174163070099e+00 7.207552606535919892e+00
1.966989190534816956e+01 4.052140301351702334e+00 -5.501864588073964768e+01 -2.535852959701460207e+01 6.082527566284644749e+00 -5.778783248886281143e+00 2.780118874555441977e+01 -1.265990315891069962e+01 -1.111079507928564247e+01 4.237981261313043646e+00 1.274754241724400661e+00 2.612400387042407512e+00 2.480918473280132375e+00
1.947470957956012327e+01 -8.618556782103155456e+00 -6.293195984991766068e+01 -4.438309454131741916e+01 -1.384866540923716016e+01 -1.160567408429461089e+01 9.352334557943152049e+00 -7.439612487922005357e+00 -8.205470645356301773e+00 7.840581364755424332e+00 1.341679638011934905e+01 6.430158881296168527e-01 1.084581309017134565e+01
1.943497740837774046e+01 2.937345893550845854e+00 -5.236051314692806358e+01 -3.273048320362989472e+01 6.643445002785844267e+00 -1.758076662491069753e+00 2.128223656885827353e+01 2.440925535958045067e+00 -6.365654827019490369e+00 7.677354869148373062e+00 9.623499931426135134e+00 -3.088213920139546431e+00 6.569009987911156756e+00
1.949886980361088362e+01 6.702808372306998663e+00 -4.719882783482454869e+01 -2.694811139118315424e+01 4.941574165116711548e+00 5.786612741519994163e-01 1.743898588232656266e+01 -6.800987833525902637e+00 -7.724114239691567185e+00 4.588893156622185998e+00 6.181619453746334258e+00 6.540608834165786423e-01 6.902545678211074787e+00
1.964469449078622176e+01 1.210494563231914888e+01 -4.567718105563638886e+01 -2.113635058101542441e+01 1.263487785935186558e+01 -6.635597055415698442e-02 2.314604697720110948e+01 -1.216426795553204521e+01 -1.277147506178878267e+01 3.352259478901695178e-01 7.296832857248329418e+00 -2.024712143573532241e+00 2.027325617547216741e+00
1.976601510492045222e+01 7.915872836226193421e+00 -4.399559797689692431e+01 -2.446071890311662855e+01 8.431636518610833519e+00 6.555882268237387400e+00 2.339897613118708364e+01 -7.091822160594574598e+00 -1.109795364406599205e+01 1.835560439965304935e+00 5.609573913374119591e+00 -6.009990185264129536e+00 -4.625901888731939415e+00
1.982949670180251189e+01 6.330601269016633559e+00 -4.111615741279602076e+01 -2.275321449941289487e+01 3.837275160400078544e+00 1.252807824621065080e+01 1.771304077812497724e+01 -1.537514237420356089e+01 -1.078124635994177538e+01 9.661446877020081203e+00 5.156264073309910323e+00 -2.635881860480921546e+00 3.857732364168877520e-02
1.992472016199395313e+01 7.646981583676770722e-01 -5.055619231396430280e+01 -3.407194589826967501e+01 -3.357890781436783101e+00 5.352572218012668692e+00 1.937748520723350154e+01 -1.594189382742458605e+01 -2.857491840941130512e+00 1.576002499274188118e+01 6.946229592798042418e+00 3.051860985287546235e+00 1.697045158962193490e-01
2.003135910016163024e+01 -2.756369037688104484e+00 -5.912923034092167995e+01 -4.126229274207980779e+01 -5.103178761973589772e+00 3.188392626851526579e+00 2.388945881927157799e+01 -1.158666961471157286e+01 -5.697303032737929124e-02 2.172309509573128850e+01 9.456845045851325793e+00 3.165136143991726048e+00 -2.843412326287561243e+00
2.007704384542951814e+01 7.871123392997809276e+00 -4.155555082890673191e+01 -2.558607073482786731e+01 3.928231627158016437e+00 8.731416670230689903e+00 1.787485338428814430e+01 -1.804184298873463632e+01 -1.126443056697567435e+01 1.016363229081932928e+01 1.278408356628815845e+01 -6.364442923887870807e-01 -3.596156756847311620e+00
2.013891765412018131e+01 7.816778302517414900e+00 -3.679030290350151944e+01 -2.383857273041370561e+01 2.114083805115435144e+00 1.562909763036177146e+01 1.799092287102448395e+01 -2.251128220714221939e+01 -8.691550064480535909e+00 1.119929731580467447e+01 4.143585348206602958e+00 1.425550208328467905e+00 -6.930477263975527435e+00
2.015417894205595672e+01 1.043420981890904287e+01 -4.223514127719375466e+01 -2.511025972133235840e+01 5.809404665869372764e+00 1.197852274242672799e+01 2.675873971041766097e+01 -2.476225345741390527e+01 -4.114693148790305344e+00 1.180336900745817275e+01 8.397714905532932539e-01 -1.075821973091457551e+00 -7.954012787966590281e+00
2.012653709341548947e+01 8.929321103358704548e+00 -4.227945272488003070e+01 -2.765108953134170378e+01 5.443335872565537414e+00 1.231685605214052437e+01 2.358038426311134828e+01 -2.416919589748798103e+01 -8.177929260859308158e+00 1.524327490790716233e+01 -5.373068796409676828e-01 -3.583510198889787723e-01 -5.433418429507046454e+00
2.009799759657174079e+01 2.958130679008946551e+00 -4.457089569799639861e+01 -3.298562540017080380e+01 4.518674563932836286e-01 9.114032287271241373e+00 1.909992661572924533e+01 -1.726007350670569807e+01 -1.091956274438697960e+01 1.534957274229100221e+01 1.091883209126588206e+01 4.473799777026931102e-01 -6.121240769067705756e+00
1.999717923661735242e+01 -1.100730804513420225e+01 -6.253145331187493383e+01 -5.258189665342051455e+01 -1.695522609385443502e+01 1.159178949690105265e+00 2.187030212428196307e+01 -6.814533273400074087e+00 4.333181024701814543e+00 3.008806418887284551e+01 2.577922191954531073e+01 4.467636143016338934e+00 -6.195468887751133025e+00
1.990930067396188363e+01 4.647869021812022439e+00 -3.758705884099555306e+01 -3.091401150508131579e+01 -4.449880059642519758e-01 1.210327245276731389e+01 1.565903544515941981e+01 -2.229803027131871929e+01 -8.445989321869307176e+00 1.306477836360962463e+01 1.196793021795404677e+01 -9.069049468813119574e-01 -4.878863966890691017e+00
1.984206480682720297e+01 3.492760040702409086e+00 -4.213068881067035676e+01 -3.533096778131900351e+01 -1.099701600370270871e+00 1.331215193042078937e+01 1.935245516468490479e+01 -1.740690714815271889e+01 -3.390881992460604177e+00 9.521850600490761707e+00 8.752656418512970049e+00 -3.456301069748085375e+00 -5.510128706992156289e+00
1.971660003259137994e+01 1.124182694704160390e+01 -3.887549626671030012e+01 -3.389405950470779771e+01 6.377418421257980974e+00 1.269755801099820403e+01 2.385318639450714073e+01 -2.129214143644791335e+01 -5.912459005110701327e+00 1.140663855768077894e+01 8.612299693649176913e-01 1.600012813993263006e+00 -3.400411228788315032e+00
1.958411357234098560e+01 1.254099567355232381e+01 -3.578906980250904724e+01 -3.301869081114283233e+01 7.491686477074034123e+00 1.273516800589848863e+01 2.605485934381167112e+01 -2.363681627650196404e+01 -7.769138202396854709e+00 5.270310778106964023e+00 3.168499333799826179e+00 1.505130254102349796e-01 -2.550668766983541946e+00
1.941617407568547904e+01 1.060780853133675095e+01 -3.232926662164027931e+01 -3.322012314232804897e+01 3.089218330727236506e+00 1.670067943376872321e+01 1.862862752667508559e+01 -1.840748870437572648e+01 -1.136500686857321973e+01 5.257272755833410471e+00 7.179682056885962282e+00 5.099017860704074145e+00 -6.069775572168551570e+00
1.920698592897235812e+01 5.881947867526819529e+00 -4.045330652189576170e+01 -4.366664343530752035e+01 1.191667173035157734e-01 1.125743526568511044e+01 2.286400763260970592e+01 -1.133896683823879670e+01 -5.018760137052041159e+00 1.142802854967093040e+01 1.123292960636188731e+01 2.789028724120588887e+00 -3.296455796103157976e+00
1.903091306519341330e+01 -4.014320658179956758e-01 -5.012847324727432152e+01 -5.979676881048452231e+01 -6.582169215525088823e+00 -4.711413487412107415e+00 1.267734077091167144e+01 -1.489841758377559522e+01 -6.963992965002686830e+00 1.102645595849994820e+01 1.049161113172334048e+01 6.003454898223823832e+00 1.135050237202810841e+00
1.892671118819258780e+01 6.678050926100653761e+00 -3.945897802761705719e+01 -4.691112203484967580e+01 2.478831487530975153e+00 1.016853456923499621e+01 1.701391942535693502e+01 -1.112548865828433442e+01 -5.391126748414601266e+00 1.666533220664577486e-01 8.836923152567043971e+00 3.689918222738778120e+00 1.275047433962497090e+00
1.884134850030913455e+01 1.471824661342569840e+00 -4.719808429397154015e+01 -5.429528731651540596e+01 -6.674813043879084695e+00 4.856208634123841961e+00 2.023890743519418223e+01 -8.273897568130102798e+00 -1.057537951794523146e+00 1.058244414320145133e+01 1.272262736791599558e+01 1.223104028642997854e+01 2.185918099762480082e+00
1.879889507068829957e+01 3.355830847612108148e+00 -4.015479674702223889e+01 -4.660843429742030253e+01 -5.784313599661495608e+00 1.000518973586417282e+01 2.043238871581283789e+01 -7.594557408949066613e+00 -8.591819413833261976e+00 1.014270836157570160e-01 1.486882739927804664e+01 5.090261175229364277e+00 -4.127740140192684315e+00
1.872185950245123465e+01 1.010439053904815054e+01 -3.393177115984988035e+01 -4.227620215218450994e+01 2.196782721224120216e+00 1.054315405576131326e+01 2.332004420370166997e+01 -1.072771198749829757e+01 -1.076225685765272466e+01 -1.397250658997993167e+00 1.248300867176071272e+01 5.232339777559801064e+00 -2.737195639145598935e+00
1.871472963003605727e+01 6.326121491670737562e-01 -4.746846941200267622e+01 -5.953309008740964714e+01 -1.099241716261554203e+01 -7.858456767766321960e-01 1.338109557003482131e+01 -8.509790181896949690e+00 -1.024412054883092082e+01 5.527354937223288189e+00 2.101676412129775429e+01 7.688379163997684174e+00 3.271189977415711603e+00
1.875226165306673920e+01 3.351340572434384324e+00 -4.018996753205605899e+01 -3.093321882444886128e+01 -6.500492689645407829e+00 4.511321451452363185e+00 3.238802980754152827e+01 -1.778237147818341057e+01 -1.538168492565212020e+01 1.452039556392770869e+01 1.327054137598476835e+01 -2.534030729842169372e+00 7.566890924141365105e-01
2.066737163734071459e+01 2.296781092232436539e+00 -5.921017379675088677e+01 7.415960751158680031e-01 7.864870896311839665e-01 -4.499141207201518888e+00 2.527984892768440162e+01 -1.494166412224409868e+01 -1.277940059779430815e+00 -1.225820094313544928e+01 -1.305161505054769577e+00 1.248095080786788813e+01 2.405068963942163851e+00
2.079132782600705909e+01 -5.755654464352471855e+00 -6.035079704543068146e+01 -3.284439024907672255e+00 -5.095414313316950938e+00 -1.579435519711026359e+00 1.895981094689083335e+01 -1.622986132443735841e+01 1.433232094409859769e+00 -3.322652489906356088e+00 -1.203179355925722449e+00 1.679353229208472342e+01 4.779106895035464930e+00
2.073593255068681884e+01 -1.914859337000338391e+00 -5.258027901844849339e+01 -3.961982484511584079e+00 -1.807264546297945307e+00 -2.933889910423856939e+00 1.634872730580910982e+01 -1.097366195923112464e+01 2.711781187875604182e+00 -4.943907891733240412e+00 -1.874460650686954055e-01 1.589115127673210992e+01 -6.261846018555541349e+00
2.091542746899267868e+01 -3.824878485410339923e+00 -6.351675459233959486e+01 -5.436578236074286252e+00 -3.885202305716727977e+00 -7.147840996923994439e+00 2.236249095446018131e+01 -4.343869216394953270e+00 5.497147291379674172e+00 -1.007288169228552199e+01 -7.711063675077123314e+00 1.984807735751305202e+01 -3.302826729204223710e+00
2.103455463152750227e+01 1.823884373540402448e+00 -6.043653829187063309e+01 -1.400855121214849008e-01 -8.766985925482400077e-01 -5.799166938895822909e+00 2.730209981327583790e+01 1.523828026948646386e+00 1.328514517229336001e+00 -1.510223677058260527e+01 -1.026378752679170780e+01 1.625149676353098016e+01 6.222376500705422586e+00
2.073355152704963089e+01 -2.787275071772750579e+00 -6.587764330214186259e+01 -1.253364052817084406e+01 -2.533636161258796093e+00 -4.966040705052710891e+00 2.285168287464103898e+01 -2.366338886138284803e+00 4.405566671023051661e+00 -1.244439898894660956e+01 -6.640673516700583257e+00 1.717011216876826651e+01 4.009591446969826833e+00
2.068154781344400561e+01 -7.325017312055029706e+00 -7.563588209752543889e+01 -3.045547247526290846e+01 -1.390333704768816148e+01 -1.300068143418253008e+01 1.409827667789332750e+01 -3.685685388041697763e+00 1.165937003024710528e+01 -1.211064215230231333e+01 -1.860807250821951975e+00 2.116230756095795940e+01 4.399634432436895004e+00
2.045155506666802125e+01 1.360884256383797819e+01 -4.781466570308385400e+01 -7.005555776641490873e+00 4.973189846467425568e+00 -3.159861878193910290e+00 1.215077151766494090e+01 -5.374275894080670746e+00 5.192050958118318071e+00 -1.613780021339988124e+01 -2.015695876076992299e+00 1.632342445844620471e+01 2.714305018196731201e+00
2.032200470567666173e+01 4.899709299806436213e+00 -5.810677057338366325e+01 -1.698597252816026071e+01 3.629754735490332784e+00 -2.905998920515989958e+00 1.868651265370713688e+01 -6.919991485920322205e+00 1.385889075999579445e+00 -5.506727753598489983e+00 -6.280066204972514221e+00 1.737688119149531829e+01 6.903701255321975871e+00
2.027494059833604823e+01 5.201580128241119816e+00 -5.203108572484512706e+01 -1.666809753741291544e+01 1.687236000590507823e+00 1.259241357652341353e+00 1.759541422689695622e+01 -9.633752150546403215e+00 -2.591977844412842735e+00 -6.376384167728540220e+00 -5.047579544913639360e+00 1.279117179709550634e+01 7.016080909969638846e+00
2.018655842014706536e+01 -2.182368777877095878e-01 -6.220338882922442281e+01 -2.903468570466608156e+01 -9.249405433935196541e+00 -5.874158767387508640e+00 1.884388366652667557e+01 -7.158875634062364490e+00 4.320777616943051846e+00 -7.298014827860079823e-01 5.854389037194639656e+00 1.671224022904176820e+01 1.183317329363928039e+01
2.011417123727705913e+01 2.981544108666424053e-01 -6.216490336227263214e+01 -3.074826723289217867e+01 -1.028395370591204205e+01 -7.811160903098412156e+00 1.749696809331522118e+01 -9.760210144263705700e+00 3.374184571305899993e+00 -5.169132286601358039e+00 3.286797349641946919e+00 1.859729699197765385e+01 1.147170664789330274e+01
1.989905681611780963e+01 2.906164136350586347e+00 -5.924555823305093583e+01 -2.543496364495069884e+01 -5.536627229076192869e+00 -5.381457285756401809e+00 2.287989194455172637e+01 -8.481751700389599691e+00 2.214653014131401587e+00 2.036984568003920026e-01 1.507769441821253054e+00 1.491167203091849025e+01 8.445364392351956795e+00
1.974848521358535436e+01 -1.627278862708776419e-01 -6.355563367983298662e+01 -3.248747555349687843e+01 -7.086041029897234722e+00 -6.876867148369097293e+00 2.172216579896170074e+01 -6.071183583687079555e+00 3.019808587881388284e+00 -1.270985545738231304e+00 5.488379028301644702e+00 1.112823404869095434e+01 5.199284992132410466e+00
1.963196092780217938e+01 1.077464312109503730e+01 -4.734085707338184790e+01 -2.028220814802863003e+01 1.029101997171570027e+01 -3.993110983304818395e-01 2.154644100569582221e+01 -3.778102234257276759e+00 -6.253788779307456025e+00 -1.044258895415292976e+01 -3.432689542857244036e-01 2.229800536460467608e+00 2.461064341153656354e+00
1.949946440480929866e+01 7.112537789587058512e+00 -5.342048572209272095e+01 -3.112310089974722871e+01 3.029816345829791313e+00 -8.716861476258648267e+00 1.836738659117491324e+01 2.367998140896674861e-02 -1.895773605729565325e+00 -1.199728202392154719e+00 -1.308877499618866569e+00 3.494559254748089039e+00 2.104597088327700316e+00
1.931331384563238984e+01 1.309116738966035776e+01 -4.449306851904738380e+01 -2.443611093552895497e+01 7.531746801726230345e+00 -8.685974807527102826e+00 1.772713813899694557e+01 -4.633254974467628351e+00 -2.376238690538142073e+00 -2.417994257669971780e+00 -1.901188170196708604e+00 3.411941610180653672e+00 3.800767917323824463e+00
1.921320003204133897e+01 6.735695467576604756e+00 -5.108191946469316491e+01 -3.264023616909460657e+01 1.427815304319460799e+00 -9.600404136121218457e+00 1.787959757628690127e+01 1.521703539830357332e+00 3.881324807040972269e-01 2.211069620408251613e+00 2.952408835515374363e+00 4.186022888243114970e+00 9.376538156996707229e+00
1.910410575808032974e+01 6.756171024322335406e+00 -5.348736767327237374e+01 -3.672714123151514798e+01 -3.122916759069067627e+00 -1.390248913164178646e+01 1.453186951989443898e+01 -5.704604074133252212e+00 2.436747657972371250e+00 5.411809458618601631e+00 3.583370110016156573e+00 1.482451317897344367e+01 1.217650894521677785e+01
1.890437174054291702e+01 8.182185505704744344e+00 -4.799235553190005987e+01 -3.616914646308998726e+01 1.942711497485949401e+00 -1.257755422504698828e+01 1.326165888669472537e+01 -7.468630044295688997e+00 -3.598666094078307953e+00 -2.439965006894701194e+00 -2.331935915730848574e+00 7.933618006280701351e+00 1.324221620568375002e+01
1.874583435340301563e+01 -2.838325332216686370e+00 -6.148680765059905440e+01 -5.598975605071905193e+01 -1.590481138114417092e+01 -2.817492928862865753e+01 6.405611966268489610e-01 -9.174072359634386942e+00 1.100034088726558945e+00 -1.345820497462822729e+00 1.346969770562669755e+00 5.745091762565721183e+00 9.741762046443714240e+00
1.864256372022346042e+01 1.422261365124707133e+01 -3.971964721529727882e+01 -3.073623960458177251e+01 1.192023665713370129e+01 -1.017325673594124957e+01 1.096153288819496296e+01 -8.168635924510804225e-01 -3.587422233516947223e+00 3.786335970224270486e-01 -5.861769097813623652e+00 3.819200534243291756e+00 7.445285727500232653e+00
1.871564633926952581e+01 1.160809042842894989e+01 -4.494555936214199221e+01 -3.603963245238291080e+01 1.111700356311817472e+01 -6.921663486828060208e+00 1.816670059856122776e+01 2.513496857914785387e+00 9.588087686315804881e-01 8.047451489449156670e-01 -1.137171851933319644e+01 -1.794056614944144368e+00 4.182954365912960881e+00
1.871541672719411409e+01 6.905696491142774285e+00 -4.850521282426998937e+01 -4.341867648270362423e+01 4.074652110551569173e+00 -1.123548495126188129e+01 1.066583341437691601e+01 -1.351792257965639621e+00 -7.309003671550658998e-01 -2.301796514939260518e-01 -1.696719500954900317e+00 3.221099054471246337e+00 1.061046626955607941e+01
1.857674192653041345e+01 6.687483991935169847e+00 -4.769218086374606003e+01 -4.384572237103505188e+01 2.367953342268987349e+00 -1.693580858912367759e+01 6.523753390726819035e+00 -1.649164096414218461e+00 -4.046068979531116661e+00 4.550189482373178329e+00 7.680359441464188031e+00 2.698230494257443546e+00 1.562720546345778949e+01
1.856936058630231656e+01 5.172424653522034177e+00 -4.751344230702384408e+01 -4.199912417295374922e+01 1.410708133369709572e+00 -1.223228207460383388e+01 8.139654585023340161e+00 3.285567557999268029e+00 2.310386483242099054e+00 5.572500869226970188e+00 5.308667327014076065e+00 2.998016813527445645e+00 8.138725361209036890e+00
1.860082665256868140e+01 1.670807305338738047e+01 -3.517591405910118141e+01 -3.185745214187545571e+01 1.272553496048749899e+01 -7.558457720369668564e+00 1.306472149906996805e+01 -4.194741492357292323e+00 -5.893720123805591626e+00 -2.160685499992627712e+00 2.434019435611862736e+00 7.508813901361344190e-02 8.068881645475450171e+00
1.877469498958203431e+01 1.318454262300171997e+01 -4.027362592196906377e+01 -3.989793204385490100e+01 7.498403621960497922e+00 -6.538593518393012616e+00 1.456238881274176222e+01 -3.722559949284772074e+00 -4.192194316012231248e+00 -1.998960235666033813e-01 2.212111023692155509e+00 7.913984907230223742e-01 7.842567321774292388e+00
1.861265404694747616e+01 1.234420703281025311e+01 -3.517524137321868238e+01 -3.391409792319684158e+01 8.015498638010621235e+00 2.924933407932756246e+00 1.627101111909989939e+01 -4.392494961829026323e+00 -6.432627880268041665e+00 -2.781559743952426000e+00 -1.796664705073476975e+00 1.908041853977547331e-01 7.754099020828451927e+00
1.855618050076045122e+01 5.612285843882930614e+00 -4.330814483390387437e+01 -4.549544286505815904e+01 -2.458251794465317719e+00 -3.398273060695045533e+00 1.008951646979498484e+01 -5.845872081917405261e+00 6.685818894666115120e-03 -4.215439839216461038e-01 3.989677907944707780e+00 8.884988895980443502e+00 1.210291672031815402e+01
1.861035553757641381e+01 2.571747579480938128e+00 -5.122211218222105344e+01 -5.560928114418569379e+01 -8.206130160410676666e+00 -6.165731731143377026e+00 1.011128849527926121e+01 -2.040559318412197065e+00 1.051334215021012852e+01 5.331538158024455853e+00 1.048448785571203778e+01 1.710254382965454312e+01 1.068898201485237109e+01
1.870460903048186196e+01 9.695321663248497757e+00 -4.019596035714979365e+01 -4.283556300689451035e+01 -9.730011786497677617e-01 6.756243840555077318e-01 1.334186284523634569e+01 -9.832551772235785137e+00 -2.138163605176530702e-01 -8.254723432120771864e-01 -1.892621961995416324e+00 1.064304789292160436e+01 9.488960059538770864e+00
1.876768403649841943e+01 -1.170743075969760266e-01 -4.730977224685837967e+01 -5.522508251781185606e+01 -2.131400106842190212e+01 -9.652111757953161231e+00 -2.109615787009641252e+00 -1.733559230642457294e+01 -5.509648395062846760e+00 -3.447946223445386149e+00 4.491758166165133126e+00 1.080602774768082419e+01 1.059693082536412412e+01
1.862448301862807654e+01 1.638516562327994563e+01 -2.880650443919325099e+01 -3.563513160614193964e+01 4.261243428412381462e+00 3.151906479945520978e+00 9.045758252040476677e+00 -1.290989392741051489e+01 -1.807815587583403660e+00 -5.609799056710634835e-01 5.513392772921099194e+00 1.023134529247883506e+01 9.506806640970191680e+00
1.845845612777388212e+01 9.497279938254788334e+00 -3.342958761021326097e+01 -3.949352887210607577e+01 -3.347067330429259968e+00 1.333580601800949283e+00 1.123343187269062149e+01 -1.721404517387077604e+01 2.629973288140616261e-01 1.898088278619286084e+00 5.978127427703065599e+00 1.384705378991491287e+01 1.121301298831700777e+01
1.849228885249596388e+01 8.378964607076273552e+00 -3.737033511438128386e+01 -4.637457693584213558e+01 -4.700440660478914623e+00 -2.770532460187317803e+00 1.395621184238856216e+01 -8.765511250343534400e+00 1.057691955397875416e+00 5.268292379796415403e+00 1.190943803005537127e+01 1.645751707979748701e+01 1.068732755722035499e+01
1.851510452809772289e+01 9.504385834749978557e+00 -3.603269331212904092e+01 -4.548902745333858633e+01 -6.069413162716726262e+00 -5.210467815503525002e-02 1.501548311388459211e+01 -9.162498837591227741e+00 -5.817475266388320021e-01 -5.413985598904350383e+00 8.009200175653433007e+00 1.077803923633039673e+01 8.990862183848376432e+00
1.841099821483208032e+01 2.460538833999798669e+00 -4.103444783107813976e+01 -5.473969843513935274e+01 -1.361664152511268711e+01 -7.145960693664799912e+00 5.743511794991397856e+00 -1.139081139859000480e+01 -2.123849493559868407e+00 -1.654964751065939765e+00 6.680015724696673374e+00 1.124862657089494711e+01 1.252213169230399181e+01
1.830378059494607612e+01 1.665343193634338093e+01 -2.599065628357579172e+01 -3.869563001554338655e+01 4.328537344222475269e+00 5.938449486395331878e-01 1.421037419014124659e+01 -8.775955275680745515e+00 -3.816821709908170268e-01 -2.939423705773801299e+00 -8.612681483084921874e-01 8.627228737823099181e+00 9.985853207714805890e+00
1.826601037733776778e+01 9.391739066661934032e+00 -3.084568994540970976e+01 -4.539034739413279596e+01 -3.748443248551976303e+00 5.341119364673462933e+00 1.357194188214621633e+01 -1.009771841922481883e+01 5.083015177265794993e-01 -3.454053888245808945e+00 -3.062329700924781295e-01 1.040346412036649681e+01 1.538809841630611963e+01
1.829951564783584672e+01 9.825848252584600928e+00 -3.260190343195955620e+01 -5.151590660985475978e+01 -5.356013430497929662e+00 4.815302161716351392e+00 1.286679219126736484e+01 -9.230177705328205917e+00 5.882547690127713835e+00 -2.971984021366607109e+00 2.511110813011167231e+00 1.399721272892537272e+01 1.761696771684205842e+01
1.829489323894773634e+01 1.053038108394201444e+01 -3.141718277224985556e+01 -5.323666195475986029e+01 -7.885286198070719621e+00 2.438427284504642412e+00 1.194714482357673191e+01 -7.688519590888054367e+00 3.167830038251934432e+00 -7.121625076454368708e-01 1.080022371633552636e+00 1.586451337058245414e+01 2.107147885809570909e+01
1.808057111549612728e+01 5.600627683336486307e+00 -3.435913036840560153e+01 -5.577041311949148650e+01 -1.077262423418334691e+01 -4.675651483035705880e+00 8.730094572703244182e+00 -6.369515637572584765e+00 -1.337014609999952697e+00 -1.666299632843651457e+00 1.739042788283853946e+00 1.298768032038229592e+01 1.425399033666680282e+01
1.787490858628212109e+01 1.143725601798598568e+01 -2.677176319191401177e+01 -5.288517458175554964e+01 -2.801433474957071290e+00 3.581641266039524485e+00 1.344511127603749046e+01 -7.205891562473255796e+00 5.874797771063571261e+00 -3.179601272344747986e+00 5.066747729171336978e-01 9.268827740445757968e+00 1.251945107671791391e+01
1.778579499022594845e+01 4.576506764572092045e+00 -3.639900475010477265e+01 -5.749494952403482273e+01 -1.261868382171168790e+01 -2.076802554012410429e+00 7.655407248474823234e+00 -2.419265137055040871e+00 1.515169442184182147e+00 1.309223370362184502e+00 2.893996840092845968e+00 1.062217317472011757e+01 1.915911429932956267e+01
1.767490391307958575e+01 1.065698830131381492e+01 -2.579217651315805071e+01 -4.906279755848064639e+01 -1.479867075597497195e+00 5.903232281574788409e+00 1.441659688117112559e+01 -5.353782626467939565e+00 7.688806275329763906e+00 -4.958166111301354206e+00 -4.365577681816313671e+00 7.614370932545701187e+00 1.697313363503015182e+01
1.762220810635394486e+01 3.365313457816995868e+00 -3.643303166418918693e+01 -6.796190863803809634e+01 -1.656024536871698416e+01 -7.092452321963317097e+00 4.800659941296405719e+00 -6.892308610329967777e+00 1.310521937574629270e+01 9.582046585730734645e-01 1.348833694142742123e+00 1.553531764650804092e+01 1.684730675761601404e+01
1.768046808614692011e+01 1.080704839195982991e+01 -2.513234955765695133e+01 -5.460908648179952252e+01 -7.482070195919935607e+00 2.866370802218488834e+00 8.513319632241236334e+00 -6.049433078596560875e+00 1.254651724673903956e+01 -4.023634536607080925e+00 -1.629718597674126634e+00 1.350801143719958475e+01 1.750196285477970193e+01
1.779341393133465132e+01 -4.079229033621317030e-02 -4.113977340941092109e+01 -7.498488229313097975e+01 -2.520658999526131439e+01 -1.327374870615942726e+01 -2.015153565945600467e-01 -9.927184220348832966e+00 8.146317828190788646e+00 -4.732708354775701842e+00 -1.054210047481448420e+00 1.324519228928343217e+01 1.890264932263042752e+01
1.771434785213056173e+01 6.574130820460570845e+00 -3.132654825813952471e+01 -6.399373151682463146e+01 -1.397248640288535171e+01 -3.307617519440977816e+00 9.809360770312368416e+00 -3.038734375530469212e+00 1.454987751809821894e+01 -9.523594678584492712e-01 1.869964059158306213e+00 1.663072743577761514e+01 1.683062878564476250e+01
1.754120620739486114e+01 1.014858237223061543e+01 -2.393883309773544710e+01 -5.116094846654974759e+01 -9.552842568253286260e+00 1.608354893705456146e+00 9.553392335427364657e+00 -4.464896262656846915e+00 5.034586630035278176e+00 -2.257428882608497833e+00 5.378852789209381813e-01 1.319899537113771260e+01 1.843141499534184291e+01
1.751345964253818366e+01 2.173063506766423458e+00 -3.424722127680573891e+01 -5.756563332854188531e+01 -2.073729890850238178e+01 -6.143442911815333751e+00 6.817054210901919653e+00 -1.039221450281252013e+00 9.380122010520354436e+00 5.983988868316002518e-01 6.782708755688843461e+00 1.273747309242568804e+01 1.528768700361892385e+01
1.747386408914016442e+01 1.540416235789352939e+01 -1.448998970722032631e+01 -4.992806658342107795e+01 -4.175376476304578865e+00 1.104143877242976934e+01 1.239229600842275758e+01 -1.132227773022654738e+01 2.289556924791436021e+00 -3.041707085673805988e-01 -8.483872181042340088e+00 5.166649356985790753e+00 1.844860053724340077e+01
1.756272536375999138e+01 1.018647399010292354e+01 -2.190011744459570764e+01 -5.614388324637246797e+01 -1.085925465870974982e+01 7.692775111668928467e+00 1.475428780830682740e+01 -6.624760985006441949e+00 6.331625307842114303e+00 2.079539352758937198e+00 -5.187313419188375185e+00 5.971697981435831082e+00 2.074585728911009497e+01
1.758194474683657305e+01 1.027511383730712069e+01 -2.207777657711026720e+01 -6.033782849123399927e+01 -1.141256657030205801e+01 5.116556977725827515e+00 1.373495433357222417e+01 -1.430386927611701964e+01 7.247981101564541895e+00 -2.363013150016873842e-01 -9.669734295808028790e+00 7.908815725112949835e+00 2.449273369362573760e+01
1.752313783675801417e+01 4.376907490416643398e+00 -2.968001739757556123e+01 -6.233554164629402550e+01 -1.990241748041178482e+01 -4.342979172154176060e-01 8.535101736965296837e+00 -1.134345333464820804e+01 7.697725719737239736e+00 -1.345074638903112518e+00 3.205938394580160278e+00 1.612082303157907859e+01 2.351926189910088638e+01
1.761534764574886935e+01 9.021510706434634486e+00 -2.282940731252906730e+01 -5.220849279780679808e+01 -1.409313419872655615e+01 5.667345174116397821e+00 1.342639050443666804e+01 -6.105360459310325005e+00 2.109491590288678609e+00 2.542131601059857693e-01 1.669599173608984355e-01 1.337822086626826845e+01 1.428295847885864589e+01
1.769836714896814556e+01 1.510373867700621631e+01 -1.427162570197425495e+01 -4.558193363850633517e+01 -1.718926162421124282e+00 1.131532699968433775e+01 1.855861878273841370e+01 -9.003253506838722942e+00 -4.760082052216095150e+00 -9.130670285557272337e+00 -5.323932116783714363e+00 9.627286628153795434e+00 1.449139264370132096e+01
1.763475206507921200e+01 4.029286043429024744e+00 -2.983755769926460388e+01 -5.663450150410992734e+01 -1.812370776358543623e+01 -4.083547955250443451e+00 1.304204864053883384e+01 -1.185809605570273639e+01 -1.404593606213151213e+00 -2.201497851469389033e+00 7.110225995612961647e+00 1.573293781608474973e+01 1.944580301108921461e+01
1.747450226868610912e+01 1.464743903003976300e+01 -1.435914414749101553e+01 -4.831770229593458765e+01 -7.598043814211939306e+00 9.416200651333456406e+00 1.830067503829411635e+01 -1.275900574045070890e+01 -3.584154366815504922e+00 -5.336996859253107850e+00 -6.345254853287612740e+00 1.262248096958149901e+01 1.490866472298742629e+01
1.741950564472107388e+01 5.879870585505866387e+00 -2.376091719103188993e+01 -6.181408496752454340e+01 -1.828648877003329432e+01 5.762531517797930825e+00 1.431919861595805266e+01 -1.554569271575810419e+01 6.872091486257574378e-01 2.433963249086683600e+00 -4.241534681451162747e+00 1.720290966862624771e+01 2.759919552860535674e+01
1.744788623033089792e+01 3.768926133762749320e+00 -2.393776883006886536e+01 -5.686414960936798479e+01 -2.407167403392847760e+01 6.502093571647471038e+00 2.204108250597969487e+01 -1.982744239860533497e+01 3.625579504442358658e+00 8.455969154226085749e+00 -1.830370958669903514e+00 1.240401309045967793e+01 2.686624237436950935e+01
1.752893907044135702e+01 6.209021359628724035e+00 -2.212563581269781920e+01 -3.819242472753289519e+01 -1.811595894865063983e+01 5.887334966374734080e+00 2.311926016734232903e+01 -1.578097462660608841e+01 -6.626326165053706418e+00 -8.158666585952519812e-01 1.649107575009673754e+00 9.082974630366326352e+00 1.975243879847368333e+01
1.745978939323127932e+01 9.133931103168131393e-01 -2.543908762519681943e+01 -3.796406304065102688e+01 -2.506119078503250108e+01 3.083889042350166587e+00 1.875332787959152725e+01 -4.940692049682590792e+00 -6.362844412309785369e+00 -5.019487311004957597e+00 1.582219916481818700e+01 1.821641921718340384e+01 7.668002184348619465e+00
1.735355773966076143e+01 1.287155122588062106e+01 -1.368944757116864430e+01 -4.487615371265233932e+01 -1.058405663607584835e+01 6.081711754620711119e+00 1.850851359325330137e+01 -1.575184787602472092e+01 -4.602096444454500279e+00 -3.577655768255469493e+00 1.105128528238733754e+00 1.489763003651378348e+01 1.565707520906213901e+01
1.723829062882225927e+01 8.419717261957991639e+00 -1.652270483600937467e+01 -5.136754798767202601e+01 -1.996485868055701829e+01 8.024832106037248280e+00 2.212476613450721885e+01 -1.717520055109184440e+01 -6.334843487766001147e+00 -4.011705070146086349e+00 3.508497072049134413e+00 1.566040918471756704e+01 1.998046054694386342e+01
1.728667471402321354e+01 2.802389856262627710e+00 -2.425016516598811123e+01 -6.244603720382932011e+01 -2.784437784727417409e+01 9.474007876963517205e-01 1.531905149392285992e+01 -1.386365110707565407e+01 -5.012602651451204316e+00 3.853249582951239649e+00 8.888102279286099972e+00 2.068828306239890580e+01 2.797376597130049802e+01
1.715430544504390298e+01 4.697586769099221016e+00 -2.111567338297378882e+01 -5.060344091603971606e+01 -2.126484682014867644e+01 2.170248076571560603e+00 1.632084948553606196e+01 -1.550407751245672117e+01 -4.377050729608149560e+00 -2.893976804444820417e+00 3.916321549230639132e+00 1.842111959283429456e+01 2.006964693842411052e+01
1.691686176782674167e+01 1.850840768131370107e+00 -2.523448916025769151e+01 -4.986463945557029120e+01 -2.268427493517520688e+01 -9.919648837378121087e-01 1.580712006178571194e+01 -1.700558419230200258e+01 1.988559334870313222e+00 4.594575308381180001e+00 6.543906096813066675e+00 2.172555203780069277e+01 2.129721151805309631e+01
1.685979180938253918e+01 9.862808773999258705e+00 -1.424246232903494658e+01 -3.816831206341584704e+01 -1.426232343521241219e+01 4.456631795993897249e+00 2.024429599707316996e+01 -1.630393956706218361e+01 -5.857572192418865065e+00 -2.445820725520369443e+00 -1.728646191335670990e+00 1.767055810373436486e+01 1.675234062547903946e+01
1.680987444152661681e+01 3.107727672508813654e+00 -2.072173513432942826e+01 -5.218622445212838556e+01 -2.986384338379218306e+01 2.213733632742128421e+00 1.423887864232679412e+01 -2.707329725032328227e+01 7.026068181102811117e-02 4.609028641219078182e+00 -1.472190894556633101e+00 1.981445340405463540e+01 2.687555748799233157e+01
1.680149002695808136e+01 1.719001535104875522e+00 -2.107131728112512548e+01 -4.908679171686648601e+01 -2.831767897344721874e+01 2.867503771919997391e+00 2.202240383729278861e+01 -2.190583150225759113e+01 6.565326144569043620e-01 8.322831502257676206e+00 1.838701195229515806e+00 2.306727447208636761e+01 2.481983189332203565e+01
1.670177462844266358e+01 3.140935715649963988e+00 -1.733627160295406711e+01 -4.766814434081374685e+01 -2.715116700736283306e+01 1.020709970340735184e+00 2.496081603074142663e+01 -1.731840848669308031e+01 7.855793533345356572e-02 3.988008171899900312e+00 5.213394753119579228e+00 2.050794783936988352e+01 2.068958165045415143e+01
1.650380408920415576e+01 -4.241132217081502453e+00 -2.835210372178978844e+01 -5.950633621765369696e+01 -4.018611267995171943e+01 -1.400005124093995867e+01 8.008536539246266628e+00 -2.645619151256006418e+01 -7.403042503433261423e+00 -2.666668998481449560e+00 5.178156577209047651e-01 1.847418307863273057e+01 1.418395514601778196e+01
1.636719682102866003e+01 4.384426480299271844e+00 -1.334549829727036929e+01 -4.502355594981155207e+01 -2.946843453687785086e+01 5.440685605286533999e+00 2.113840066493994030e+01 -2.343827848634332511e+01 -2.079692529572639170e+00 3.952231396974159150e+00 1.732762722767848262e-01 1.897676116342812236e+01 1.786715855018321619e+01
1.625356854642718218e+01 1.216267679812150115e+00 -1.893252708453328026e+01 -5.084635595004179009e+01 -3.174801364686156901e+01 -2.723319411915417820e+00 1.728124338444959918e+01 -1.861073378745306073e+01 -3.409101276021194060e+00 1.671135137981260010e+00 5.908016318069581274e+00 1.597752378843254739e+01 1.327691774882207731e+01
1.609889974746054619e+01 4.650749564004380332e+00 -1.378463468596834574e+01 -4.487038284754178363e+01 -2.065136102854531686e+01 -8.168422352928880192e-01 1.944934925447936891e+01 -1.523640565465656493e+01 -2.677588552993908522e+00 1.250344075962255053e+00 6.164564696871879690e+00 1.706431027647397514e+01 1.788482006317401485e+01
1.615329202210354609e+01 -4.315696450604916024e+00 -2.704669751746763851e+01 -6.521561686882535014e+01 -3.739587234165424690e+01 -1.510067680713670413e+01 4.725732896853442888e+00 -2.107475691322520461e+01 5.133611638787070053e-01 4.267724949128795409e+00 7.403743612832223597e+00 2.425409815525895851e+01 2.529128223294928191e+01
1.637248407877886081e+01 2.276726528691241924e+00 -1.650193544886124641e+01 -5.830916456467599573e+01 -2.759666614689552233e+01 8.050853063157763501e-01 1.653450366876285571e+01 -1.134928010088114902e+01 3.564838321505761964e+00 4.477070755483265607e+00 9.876173808199615323e+00 2.442597791992070810e+01 1.967815923204130968e+01
1.638849634338314587e+01 -1.266714864022787657e+00 -2.110153321604729371e+01 -6.819524891931375521e+01 -4.002167899159673681e+01 -1.033797190984223846e+01 9.627065716088822001e+00 -2.585760845184544010e+01 -1.309269089140829934e+01 -2.896320980420045821e+00 -2.275522351679528654e-01 1.504216222940918257e+01 1.555331019370689560e+01
1.631689112703813649e+01 2.293331746191893838e+00 -1.316325703484097254e+01 -5.994410304212969720e+01 -3.481718653523075346e+01 4.688249692959263193e+00 2.132765295228714209e+01 -1.668120136944267884e+01 -1.063077118130793863e+00 6.769218567371626527e+00 8.572692626088478818e+00 1.997696709083383837e+01 1.464350772053007255e+01
1.621290257450517913e+01 6.215191059216676805e+00 -9.556075078266161427e+00 -4.453861917597753717e+01 -2.254629477121210712e+01 4.576619621892945133e+00 1.930669468748829232e+01 -1.287926619468183453e+01 -6.276724461934003685e+00 -1.838319373837721482e+00 9.573838774668450569e+00 1.805290707919804660e+01 1.319649254124038329e+01
1.614119691838212489e+01 -1.392264346630090799e+00 -1.967614262913674139e+01 -5.935936111687977501e+01 -2.802209030456122107e+01 -3.818996232119527434e+00 2.006993898009172739e+01 -4.152277797746138255e+00 6.512425598440580998e+00 1.002387968304711308e+01 1.968291519479527452e+01 2.546180756802662160e+01 1.799004434045752632e+01
1.611195857095643191e+01 6.789465998611611930e+00 -6.085810906583737356e+00 -4.611971882305659420e+01 -1.802420622331493405e+01 1.173200245754218507e+01 2.763072236410060611e+01 -9.415910274659712087e+00 -1.275755685443566545e+00 3.926387663648567283e+00 1.840723883155257923e+00 8.808807209082623046e+00 1.100766171170919527e+01
1.609244826391304883e+01 1.931438669836090138e+00 -1.358566835722325372e+01 -5.574573789638964882e+01 -3.217971181569075156e+01 -2.323328514225953878e+00 2.319152330555844443e+01 -1.265585684008527423e+01 -4.984458832999907330e+00 4.033001910556696323e+00 5.801386510104586947e+00 1.491758204942918731e+01 1.158321127430852115e+01
1.607664956593626115e+01 7.066949607256904908e-01 -1.316788503008140943e+01 -5.919755059211032489e+01 -3.575245934511217882e+01 -3.086852266125760469e+00 2.482060577866165474e+01 -6.153481555681525883e+00 -2.319879599597825415e+00 8.332107214445738208e+00 1.751357322407053019e+01 2.371585830398934291e+01 1.733805874931807978e+01
1.613516043093219920e+01 3.984292026187479685e+00 -1.326089155830417887e+01 -4.857417253912827704e+01 -2.569703720466444352e+01 -1.660939940985470153e+00 1.315767038152324986e+01 -1.309551606352979469e+01 -1.652834305503516177e+01 -1.035898150708735521e+01 2.254888636411473968e+00 1.027140096804129499e+01 7.251677833140672824e+00
1.621590597502704867e+01 3.759713761374298358e+00 -1.101368448027542257e+01 -5.160196181132688764e+01 -2.517993294085918876e+01 2.575766552698559142e+00 2.970922570467274682e+01 -5.704503860613304056e+00 -1.734207373368756855e+00 2.062135906550844222e+00 1.510783428089794178e+01 1.963069575936223643e+01 1.007007257267735056e+01
1.617887802031732392e+01 8.516405166205856858e+00 -5.730684070928035112e+00 -4.331526721578382677e+01 -1.810218763693753985e+01 3.939695035633459685e+00 3.045373468361924196e+01 -1.445782558389536376e+01 -9.175337877037270218e+00 -4.921799077316145521e+00 5.511626644028922328e+00 1.832756459416171424e+01 8.440335814915206569e+00
1.597347486700139640e+01 -1.065136403195773074e+00 -1.682338714604863128e+01 -6.180859818055530042e+01 -3.608902765395070844e+01 -3.418209333423355201e+00 1.983300564496162721e+01 -1.185194020045435437e+01 -7.424251749321254534e-01 4.512667386404926262e+00 1.536156171051893793e+01 2.129517544279863017e+01 1.488760416561497202e+01
1.585665114847436463e+01 3.240407427042662825e+00 -5.519307615684250656e+00 -5.495287583215181115e+01 -3.316329842104592984e+01 4.957737972990139852e+00 2.760783246398962731e+01 -1.325387337468560567e+01 2.560971840095819796e-01 6.732426631730850097e+00 8.324686016465095761e+00 2.453000060879495692e+01 1.810220643701082111e+01
1.584000950160615773e+01 -4.041418433370271401e+00 -1.848444785480768005e+01 -5.724771221403278787e+01 -3.604912838434331235e+01 -6.246817252947449717e+00 2.909098605117438296e+01 -7.088314854184218028e+00 -3.599023599175215526e+00 4.607818274646751533e+00 1.494936068133758944e+01 2.482798004148570925e+01 1.579208727108611399e+01
1.579376705208383846e+01 -1.733576113023233889e+00 -1.522354455589243294e+01 -5.656933007382865952e+01 -3.485253549448456312e+01 -6.749728215401231690e-01 2.776685685040358109e+01 -8.630224037412657978e+00 3.417655017101679960e+00 3.185497154667139341e+00 1.653279947657021154e+01 2.007555787460360008e+01 1.227071567474663993e+01
1.585623490278572056e+01 1.708071664337059259e+00 -1.314304942011925625e+01 -4.442792827795859978e+01 -2.674525935151260114e+01 1.994626324000607021e+00 2.278594988944682598e+01 -1.127272477328215317e+01 3.746286360730758380e-01 8.096475713373658678e-01 1.125879923984099840e+01 1.895873826427257924e+01 1.404689025516078793e+01
1.574468311956701605e+01 -5.314167876436873605e+00 -1.868925298427663151e+01 -6.069494228003500069e+01 -4.461043989920633379e+01 -8.469790146103060025e+00 2.013578362114854059e+01 -1.171931410217940694e+01 2.317331423635921706e+00 5.613415890948090237e+00 2.017523321351426091e+01 3.425734120686045969e+01 2.284971299430004166e+01
1.569683774260636255e+01 2.576429901730406868e+00 -3.200968207160199253e+00 -4.843682728145591909e+01 -3.481299648964427007e+01 3.050276372613776932e+00 3.239150376260602826e+01 -1.456501776926606517e+01 -5.436903964773312836e+00 -5.217660932858863454e+00 1.312824614194157924e+01 2.040703714600300245e+01 7.619727903413756387e+00
1.570841095421462441e+01 -1.267463690797071330e+00 -6.699284285675359385e+00 -5.471091647016093162e+01 -3.749563067406615602e+01 2.850328822129979400e+00 3.582446901345554124e+01 -5.054959606323436105e+00 -5.942680997044067048e+00 -1.023212412443843311e+00 2.030592768174186702e+01 2.110514609816590692e+01 9.955894526950942236e+00
1.556352632189174834e+01 -3.179421397365953084e+00 -9.201229931205920920e+00 -5.571990874062576182e+01 -4.291146989444909110e+01 -1.249114932991007620e+00 2.719802931145479974e+01 -1.206627377576030824e+01 -1.391575831996756030e+01 -8.075271288282626081e-01 1.312221952906315359e+01 1.845795046863302957e+01 1.477762809933815547e+01
1.535479088694461325e+01 -6.647841577053734241e+00 -1.844788270990700596e+01 -5.988708942276189617e+01 -3.992330246510204717e+01 -1.244140023903287862e+01 1.354718802545841250e+01 -1.366682875065579950e+01 -1.078942264953891339e+01 -5.911939742387498420e+00 1.021493411424716591e+01 1.710295010652376746e+01 1.222885561775891361e+01
1.516753735669886183e+01 -8.532535682402180299e+00 -1.978357609602754863e+01 -5.725959149365080947e+01 -4.304296870383409157e+01 -8.596340454505130069e+00 2.258565376910282652e+01 -8.079572177271657552e+00 2.849489135856298372e+00 6.348294957857357090e+00 1.718834451296626398e+01 2.329839223104067969e+01 2.097748674417823977e+01
1.513674111951838697e+01 -1.470129524428497536e+00 -6.605739038446939659e+00 -4.600684044179764953e+01 -3.246833628835558017e+01 7.253983716308376462e-01 2.590434982046453172e+01 -9.375936270973021180e+00 -9.176675042518040115e+00 -5.307869480193566858e+00 9.393369864010175263e+00 1.469687739246753821e+01 1.193094465118989156e+01
1.512061649900661564e+01 -7.621638757490030613e+00 -1.417208116546076191e+01 -6.108958379810025718e+01 -5.314133186283955723e+01 -1.415139384664196776e+01 1.790782104022606092e+01 -2.487431171314337064e+01 -1.250538717311946613e+01 -4.971889870788463561e+00 1.076043787861534717e+01 1.560110486206338898e+01 9.593638573188876251e+00
1.503414702907968881e+01 -7.489258499751157983e-01 -5.360553347847286432e+00 -4.584638940138979279e+01 -3.791677682717499209e+01 -1.513782183250569346e+00 2.228063248076427882e+01 -1.300463357161383016e+01 -1.120087940101777946e+01 -3.830483971042343949e+00 8.031627536229631659e+00 1.722124172448083002e+01 1.632569697957855226e+01
1.495077286565729224e+01 -9.041013916154767571e+00 -1.068027067648003836e+01 -6.118427018828688801e+01 -5.524993462848586745e+01 -9.856407775192291609e+00 2.506567204761179468e+01 -2.158858636087179761e+01 -1.079302386666436675e+01 3.095923796801696160e+00 1.917977759349923872e+01 1.973766537173141344e+01 1.922382012691595321e+01
1.495110981722591781e+01 -8.442323708026767903e+00 -3.836845190110161674e+00 -5.430604397123235572e+01 -4.705521236498536553e+01 -9.613258491676377915e+00 3.080268884271648133e+01 -1.698598033487814618e+01 -1.349256046486719818e+01 2.476269837686911224e+00 1.215234704208919680e+01 2.119924190995279289e+01 1.275786289323190381e+01
1.474015224246452860e+01 -4.777727190958375836e+00 -4.822046536431010111e+00 -4.674557030678337100e+01 -3.575150700108211765e+01 -6.018492546465697757e+00 2.439726911386474484e+01 -1.625866098614528354e+01 -1.384579617873453294e+01 -4.676514313758909580e+00 7.326686888324073443e+00 1.758822203248231020e+01 1.581515985657977552e+01
1.455568890461548115e+01 -3.089682039534727753e+00 -3.052686054415363781e+00 -4.584758698126004361e+01 -3.468928603366846630e+01 -3.443139192673548177e+00 2.262291652921530982e+01 -1.620055874951549058e+01 -7.661181105525660229e+00 -1.218450214268553822e+00 8.403897446168054230e+00 1.552800209512546914e+01 9.310365451240743440e+00
1.441465647342808154e+01 -5.243491752150612584e+00 -6.975719766012590028e+00 -4.230744612288373929e+01 -3.204208084592076489e+01 -6.048229435337879600e+00 1.775981815511173068e+01 -1.591256674790398407e+01 -7.734057953932206964e+00 -2.806760221053488547e+00 1.251697807514249483e+01 1.744195940984890569e+01 1.414420984637195211e+01
1.445747419610023599e+01 -1.048867873722386257e+01 -1.178830325291436054e+01 -5.512622424696059653e+01 -4.735438001149627496e+01 -1.319668027995095549e+01 1.899131128028178495e+01 -1.712392570598195007e+01 -9.701423835605153201e+00 4.140619545296119419e+00 1.786858386822861888e+01 2.644012661227334604e+01 2.216229496381315656e+01
1.454758593447130544e+01 -3.229834744017778370e+00 1.779427959310102336e+00 -4.362927069587011175e+01 -3.683842511267533126e+01 -3.684006601773269995e+00 2.696781116606324247e+01 -1.398331196270134846e+01 -1.686365101710146064e+01 -3.767737060234876534e+00 1.453027249692424583e+01 2.393655030138806694e+01 1.277786573175995244e+01
1.442571675490662031e+01 -1.481491968878847487e+00 4.426498444931560527e+00 -4.129420833106948407e+01 -3.325992189422002099e+01 -1.878156862424926743e+00 3.199270859494929198e+01 -1.774359631528168535e+01 -1.828739948779524482e+01 -4.525881042686444644e+00 1.751953289658746016e+01 1.956837450425543068e+01 1.340065749242778459e+01
1.435442941279390716e+01 -7.092266606405554619e+00 -3.856701527208792779e+00 -4.602533064112726890e+01 -3.975143704438261949e+01 -8.296099096435911591e+00 2.690163149273998044e+01 -1.807849855688690965e+01 -1.157781111416929676e+01 1.236783430419426288e+00 1.487216444743403798e+01 2.204576103858574854e+01 1.315958332242476203e+01
1.424381657443170290e+01 -7.131214336631870765e+00 -7.475016298149580685e+00 -4.400520232501066431e+01 -2.806890433224776515e+01 -5.114412886057002616e+00 1.761088397240940395e+01 -2.096960327658999290e+01 -1.010237791429793930e+01 3.123317853245339837e+00 1.458756758088510352e+01 2.073936685095353738e+01 1.761162634608448840e+01
1.414570162303712841e+01 -6.543284317477577439e+00 -3.713380033131712832e+00 -4.141950146824858336e+01 -2.769901316244025224e+01 -3.279254566293935413e-01 2.147598863174573580e+01 -1.562078727017375535e+01 -3.798908932873457545e+00 -8.178442313173949207e-01 1.531245291650123086e+01 2.385567047192337498e+01 1.323616300992590489e+01
1.409476827938763321e+01 -7.214817165271870891e+00 -1.486074508822497753e-01 -4.116583031740957921e+01 -3.307833255533643069e+01 -2.848734731821692678e-01 2.764929024748352759e+01 -2.324150462693217989e+01 -1.253467302734931188e+01 2.918570993597665031e-01 1.072733258978009196e+01 1.753942540366106329e+01 8.131360373173102118e+00
1.404586778842198846e+01 -9.655961911931326469e+00 -1.005806465047631937e+00 -4.177657741256109603e+01 -4.132566855953984231e+01 -5.594669561836237648e+00 2.894288045009422916e+01 -2.390668617997685175e+01 -1.474336125428343891e+01 6.400376394779651035e-01 2.038909604863813030e+01 2.075044140560297024e+01 1.129801761870720789e+01
1.398067592695492856e+01 -8.685032085316745309e+00 -2.946835288184920909e+00 -4.130895141459357234e+01 -3.857517664483506792e+01 -7.697984921433445038e+00 2.159382545330220182e+01 -2.455190318617348311e+01 -1.088936603496864386e+01 -7.797238526552884075e+00 1.550754424956126520e+01 2.331450446851671643e+01 1.004654908930067769e+01
1.410693892417969053e+01 -1.336592461819208211e+01 -1.360546110173218892e+01 -5.044412785933867127e+01 -3.686222042559910506e+01 -1.733555953273467765e+01 4.861251703976888550e+00 -2.962938486518143222e+01 -2.042841593617380269e+01 -8.536912035692280298e+00 1.160651148030891022e+01 2.412036048734841387e+01 1.370225411422150152e+01
1.411471772804603475e+01 -6.489020437852645706e+00 -3.966240828311200506e-01 -3.805284878384395597e+01 -2.889531971864921545e+01 3.977417700339830331e-01 2.658430053043680985e+01 -2.086686814735983830e+01 -9.398560031612703369e+00 1.256162772539526629e-01 1.582482720935816189e+01 2.393353800366883632e+01 1.562429436467304100e+01
1.410637581301456578e+01 -6.734937622631425924e+00 1.928034062813314797e+00 -3.711221780133015358e+01 -3.266749530998534112e+01 1.406362291772025541e+00 2.438841154391201371e+01 -2.276882604671505916e+01 -1.547333898045670963e+01 -3.507184860929971837e+00 1.400925920662726654e+01 2.268229812129317935e+01 1.347843676296107418e+01
1.395655664323933109e+01 -9.493490595474735727e+00 -2.200618792452120331e+00 -4.205432858957666298e+01 -3.703677934036806363e+01 -5.496702878764386568e+00 2.208808048414102387e+01 -2.067562366943585772e+01 -1.559269568036745746e+01 -5.509478694127408538e+00 9.734180952958299216e+00 1.836246369366578790e+01 1.294294174642924666e+01
1.398575951223348035e+01 -1.148858766891350136e+01 -6.762111241278309093e-01 -4.032860049290061966e+01 -4.012959946099006459e+01 -5.804917319115300955e+00 3.119554208790898997e+01 -1.385006461386737442e+01 -1.407277656756220097e+01 -2.438026434878078685e+00 1.883136975543884262e+01 2.677112940658081186e+01 1.308166978072465447e+01
1.382751953054606098e+01 -1.228558450683295789e+01 -7.826570779121571952e+00 -4.282062694018961935e+01 -3.417325996094137253e+01 -8.430528282371675175e+00 1.822090080503908283e+01 -1.896171596034353612e+01 -8.469986996718262162e+00 -8.589850399769346723e+00 9.633341114024277729e+00 2.873874274624422398e+01 9.183369951415619070e+00
1.382306971159564846e+01 -8.493584885497876158e+00 3.976892315810195977e-01 -3.918520977638640090e+01 -3.463791614964467414e+01 -1.985039929260922875e+00 2.521746302146790342e+01 -1.394514688952835613e+01 -7.833402316727352321e+00 -1.052865170556707808e+00 1.966148677670641831e+01 1.869804422985673753e+01 1.124468476119638005e+01
1.386381148700319699e+01 -8.677432334813643067e+00 -1.026639317238154173e-02 -3.754436064883901025e+01 -3.017146314563387577e+01 -2.245424377472552191e+00 2.311176233746269659e+01 -2.032245309167388214e+01 -9.576910919468952343e+00 1.040002817455210948e+00 1.173519409376290135e+01 2.474496047923389952e+01 1.875171680698107224e+01
1.390047374993590523e+01 -1.269887654517287956e+01 -6.020982551870049271e+00 -4.586133485663045661e+01 -4.382993984604952686e+01 -1.582338813809791311e+01 2.197667126431368345e+01 -2.090633785481986706e+01 -1.355578763883918114e+01 -3.996258114996709132e+00 1.427451103352967365e+01 1.826426533392385920e+01 1.273593976948329676e+01
1.395607645648292205e+01 -1.387610286205879540e+01 -4.000608230432296963e+00 -4.261567912618897935e+01 -4.430924015971044838e+01 -8.009010010542514379e+00 3.224597821108488915e+01 -8.150962968411036513e+00 -7.345150103456975721e+00 5.042564089330943133e+00 2.018802915712628732e+01 3.313132528677005695e+01 2.822102429410198354e+01
1.388491088240339266e+01 -1.417655668748924214e+01 -6.615355124241189877e+00 -4.539186561778570450e+01 -4.355996738463212381e+01 -4.635323325703608610e+00 2.563172145537636482e+01 -1.301249251227238801e+01 -5.141108302293036836e+00 -5.568657269230931073e-01 1.827932598856429891e+01 2.718064315769941430e+01 1.634873915558543800e+01
1.385517634136892973e+01 -1.193627759982217285e+01 -6.356166809721776723e+00 -4.378460348869879226e+01 -3.995001391044475270e+01 -9.839590215676834006e+00 2.581943626907678890e+01 -1.111991288379388543e+01 -5.527809512712482665e+00 -7.680185775032153828e+00 1.904495049600125256e+01 2.086321050339597249e+01 1.127615480699874517e+01
1.377697984527381792e+01 -1.171458288715116680e+01 -4.167229459499087518e+00 -3.845524386658789950e+01 -3.393230094704660615e+01 -6.641475407940778730e+00 2.609594594148390456e+01 -1.306056416241834128e+01 -1.177545684069851184e+01 -3.009480472100490633e+00 1.096033429900534450e+01 2.091928450798539529e+01 1.997899805607777068e+01
1.370203381805841758e+01 -1.837516577610238144e+01 -1.372808485435476555e+01 -5.227785473362469304e+01 -4.822698313094112876e+01 -1.754225056663670657e+01 2.264359857870071835e+01 -7.763867964525413612e+00 -4.437401292016164511e+00 5.937311252391055838e+00 2.067634258350333809e+01 2.375645778629748150e+01 2.336563896644655003e+01
1.378233474037988948e+01 -1.227869120800291114e+01 -2.135759404230523018e+00 -4.105281443683592357e+01 -3.525735920117408995e+01 -4.329917944509621641e+00 3.631814773873817614e+01 -9.047710823654979251e+00 -2.275068234208022400e+00 3.750585281417544881e+00 1.082108890904904008e+01 2.588017782806002742e+01 1.867307293376716970e+01
1.372976975236388064e+01 -1.410741895838059534e+01 -3.303110434436165033e+00 -4.707032118852760760e+01 -4.947021725364916733e+01 -1.531690949407860636e+01 2.855200933886269254e+01 -1.324828532075743581e+01 -1.901000239573108885e+01 -3.452777678115027005e+00 1.648739833495157114e+01 1.753441137478571221e+01 1.064567653093338961e+01
1.386014720355995067e+01 -1.816226017001306303e+01 -1.133890331257781803e+01 -5.279344589149666689e+01 -5.016963438529851516e+01 -2.280210195484601599e+01 1.765753093939481033e+01 -1.453614156696009019e+01 -1.711357184886851712e+01 -8.600857672625195960e+00 1.108134082423478795e+01 2.002926134052263052e+01 1.310486007320297652e+01
1.381108827201929934e+01 -1.536673434345671474e+01 -5.460126288038890330e+00 -4.328222596922415732e+01 -4.998053366452258928e+01 -1.478279928675770627e+01 3.046534311053807897e+01 -9.983527064770994386e+00 -1.449734958075544178e+01 -6.143993803927925157e+00 1.494988660071123299e+01 2.495258719904119715e+01 1.863501711292490626e+01
1.376682394786380392e+01 -1.482898734888630088e+01 -4.360944680005194307e+00 -4.355215331139221746e+01 -4.594082203534359365e+01 -1.385133251232522156e+01 2.790580801463867289e+01 -6.036021633226951622e+00 -1.135450234574866002e+01 -7.332813815066638874e+00 1.336062763820234522e+01 2.510978011732880333e+01 1.384717020826502853e+01
1.376401794964203518e+01 -1.404815560657249129e+01 -5.499962479867603449e+00 -4.361278054053138931e+01 -3.852715872632563787e+01 -1.006442929582614454e+01 2.566553454600552087e+01 -1.349441849757250722e+01 -3.086743916288294365e+00 -1.663740716091786309e+00 1.246766117734457602e+01 2.317842819567231061e+01 1.785099802637353150e+01
1.363492093445763942e+01 -1.276616026703778317e+01 -1.475249257972995665e+00 -3.730260436601089680e+01 -3.993832150649729584e+01 -1.056483240146606128e+01 3.042954697291767374e+01 -6.578764449240945389e+00 -9.644105200969537606e+00 -2.136969279905205354e+00 1.052848919447798437e+01 1.840866020329097097e+01 1.003539912013703983e+01
1.371949375526944159e+01 -1.171027587202365616e+01 -2.793559319459707702e+00 -3.766970203743033352e+01 -3.255687596095227576e+01 -5.199931006680887258e+00 2.132390542021578028e+01 -1.030697762870116030e+01 -1.930495974087888644e+00 5.792571325887256872e-01 8.353597562206026339e+00 2.025111940071457539e+01 1.968589542135148918e+01
1.369066884044916499e+01 -2.164088585107733209e+01 -1.449428000501198532e+01 -5.041012284484732930e+01 -5.804494171842639361e+01 -2.514281341407998482e+01 2.318168516486034036e+01 -9.553933491375618203e+00 -3.324001116412739876e+00 4.398916149805272902e+00 2.737429630459964969e+01 4.472470100420707695e+01 3.314536542334390390e+01
1.355119215394787879e+01 -9.345673994747427216e+00 4.799888156672535544e+00 -3.472866430260549464e+01 -3.754413504935435952e+01 -1.114591955916109001e+01 2.985536951051527410e+01 -6.733395453880196335e+00 -1.176441682601202920e+01 -9.713582949113979126e+00 1.165728565039519005e+01 1.844358666912741640e+01 1.613599173692129796e+01
1.352609491716174439e+01 -1.301156682172077339e+01 -9.442737910820584446e-01 -3.782274159950929260e+01 -3.948088116600366249e+01 -1.512136818016979056e+01 2.453942297069281153e+01 -4.246444755898364676e+00 -4.651397254437926954e+00 2.526126196756792175e-01 1.957891722586388994e+01 2.744237869381505845e+01 2.250606581551032548e+01
1.344869160762460325e+01 -1.809896513498836157e+01 -7.656860000254193110e+00 -4.811869331801041483e+01 -4.807710850921087342e+01 -1.874829933689525063e+01 1.441774406187200164e+01 -1.760969108771728386e+01 -1.001604308081137340e+01 -5.316178941631209298e+00 8.328601927489780010e+00 2.022133870185317406e+01 1.017667128551984845e+01
1.348626916581712898e+01 -1.681254274415558925e+01 -9.284356490221743030e+00 -4.148131258072309890e+01 -3.615367891842869597e+01 -1.299773616491577499e+01 1.465727815544532575e+01 -1.521783646231755682e+01 -5.799239139190857983e+00 -4.355112737929722755e+00 8.191366260419409073e+00 2.023147623959862784e+01 1.305141747446825384e+01
1.338245990635227045e+01 -1.284769661565020193e+01 9.295514920471544817e-01 -3.626239507892891822e+01 -3.464586064222175565e+01 -9.713727341735818754e+00 2.660718868826940664e+01 -5.083071459599933561e+00 -5.312423908860881561e+00 -3.233435483013663347e+00 1.547133478135267914e+01 2.390464879527847231e+01 1.244563675447092521e+01
1.337089932900433986e+01 -1.386905482675996559e+01 1.848433465350764582e+00 -3.468591254475663277e+01 -3.953636683168753052e+01 -1.602624914286756663e+01 2.486394389581689879e+01 -1.100289445113322628e+01 -1.557667079912480723e+01 -1.014179136969299933e+01 1.151526121161346339e+01 2.135423312716313760e+01 8.484505430237179624e+00
1.330066906544608862e+01 -1.505977189742829303e+01 1.042949757730465610e+00 -3.369117633918529719e+01 -3.836093870276505413e+01 -1.482973779787532287e+01 2.882020568416981732e+01 -6.911578228938810575e+00 -8.553093809570734507e+00 2.268151410162440040e+00 1.433449316119615879e+01 2.311893774117277545e+01 1.223995641146428959e+01
1.334325229985510930e+01 -2.186917968920063515e+01 -8.803347209297609055e+00 -4.671449886736102997e+01 -4.845373608830267642e+01 -2.410674400813782370e+01 1.253192605208240806e+01 -1.496659273160208592e+01 -1.377087789905873549e+01 -6.180335077766681451e+00 1.496343681619394772e+01 2.123005545722031684e+01 7.087428084868655276e+00
1.319873542968437263e+01 -1.469023363197834797e+01 -9.418424032343770680e-01 -3.804788466163553551e+01 -3.398222641559096502e+01 -9.295598555995113088e+00 1.500006819688712056e+01 -2.164662389858973057e+01 -1.222419884856007322e+01 1.074725882840506630e+00 2.543070131536350420e+00 1.719450021438714060e+01 1.090275263464518218e+01
1.333381263387155968e+01 -1.530500926816669427e+01 3.096744090705768060e-01 -3.513002751325218753e+01 -3.120178966753903183e+01 -1.249686500532764377e+01 2.194984694603512310e+01 -7.670656594377539328e+00 -3.244478344274233983e+00 1.060627607638753078e+00 1.518701641722650386e+01 2.736718190700807085e+01 1.407429122307451941e+01
1.321557315985021575e+01 -1.541051384079541187e+01 3.444530550365045851e+00 -3.142414829780703300e+01 -3.502952888638957063e+01 -1.491552318104184671e+01 1.926783329298323721e+01 -9.217908868086368557e+00 -1.003492665769525694e+01 -9.881966680302543438e+00 1.209705386159122753e+01 2.477908244639680646e+01 1.121553896057366728e+01
