2.509798910449538667e+01 -3.348990662453572043e+01 -2.476201976005323502e+01 4.577970859279491656e+00 -4.784597163701192812e+00 -1.954634176315779515e+00 8.658060369253236743e+00 9.105615656744852071e-01 -2.230640675194230127e+01 4.247419042817647039e+00 2.170515926583207023e+00 9.266386696934759470e+00 6.823546258940699438e+00
2.528244866426499726e+01 -3.989755716806752872e+01 -2.887693735183732713e+01 3.749387299027632459e+00 -5.483343358303981674e+00 -1.326812984395251416e+00 2.702269315261628613e+00 -1.705686457771268261e+00 -8.083830652700482844e+00 9.317444817610374130e+00 1.238824362534769907e+00 1.215783159040240813e+00 8.793365296302203760e+00
2.522718649788401635e+01 -4.483505125202845676e+01 -3.158728878627161407e+01 9.494863432944825377e+00 -2.035393625870828949e+00 -6.554718284396292560e+00 1.096626080124897307e+01 3.833855512604624760e+00 -4.246984960214829741e+00 -8.669191436619263502e-01 -1.848985986388591485e+01 1.908943143846503876e+00 1.598353997252344527e+01
2.499373779110577587e+01 -4.065169169980283925e+01 -3.190359644435211450e+01 4.597557218651773248e+00 -5.797064377526156775e+00 -1.150828683084190551e+01 -1.506092019524405856e+01 -8.400715289781780504e-01 5.375911461295284965e+00 1.527676972920366794e+01 -3.923874263928177619e+00 9.533014258240029903e+00 1.917288533926783600e+01
2.476845308674966617e+01 -3.101715814072257160e+01 -2.960780775443767610e+01 4.506625388396433785e+00 -7.621120728884956286e+00 -1.041742315603023883e+01 -6.587361343013665049e+00 4.873126328007837849e+00 1.593938798221966824e+00 7.216735830451757927e+00 -2.384350757054176206e+00 1.492388820935743965e+01 1.007869908981591678e+01
2.487114272195884723e+01 -3.206829214258831229e+01 -2.940574120154716198e+01 6.810464254212130975e+00 -9.286290714454141337e+00 -7.662623209900561783e+00 2.903064267228862017e-01 -1.097732270911506802e+01 -1.766971867345682412e+01 6.953070772161204616e+00 1.695367185555225831e+01 2.283100657621903906e+01 9.474174498908155329e+00
2.518384287140310818e+01 -3.705860487833142258e+01 -3.045388416885446858e+01 -1.293096570856145489e+00 -1.601303510199516111e+01 -1.522979438971850463e+01 -2.331869893686612460e+00 -4.975463603538586632e+00 -5.430063364922959934e+00 7.617968095304896714e+00 -4.165043033167380671e+00 4.328412812027245593e+00 1.868325948202384401e+00
2.524183389359679452e+01 -3.242144917051712127e+01 -1.810972626332385360e+01 1.001215432099695768e+01 -8.490418171317422491e+00 -1.961615131408356305e+01 5.136649593332555774e+00 9.697469019035843019e+00 4.411391132153146266e+00 1.220695040616192983e+01 -7.829936819910617629e+00 -3.815123414408067570e-01 1.174040408309974204e+01
2.538781466700755018e+01 -4.280437245788183276e+01 -2.791064477451269354e+01 1.078722655096530758e+00 -7.303067586174159409e+00 -2.449395629408783037e+01 1.292381283753171184e-01 1.200802140278573571e+00 -5.190823777396230909e+00 2.011428702929958945e+01 -1.246313187398982869e+01 7.206018173010132699e+00 2.886856115069400630e+01
2.509780778810029034e+01 -4.144155170838432412e+01 -3.283030976789004995e+01 -8.710376501416995376e-01 -1.419922322182435614e+01 -1.759679577675520079e+01 -1.777346722305579618e+01 2.325966148272474943e+00 1.500863053778628275e+00 1.954271560630715665e-01 -1.343578717266309397e+01 -3.440471765238584556e+00 9.735156827305415206e+00
2.513192147587135139e+01 -3.284724979558109936e+01 -2.003809272498088134e+01 1.107650192891545515e+01 3.734100107857058481e-01 -1.219864060146361773e+01 -1.075644115371959941e+01 1.162487814031787359e+01 2.293832766122279598e-01 -1.669638631739691625e+00 -2.283170595904897127e+01 -5.693016869315405515e+00 1.739364209779629178e+01
2.504533580015988292e+01 -4.164278102519674007e+01 -3.619031293135520144e+01 -3.182115713228199638e+00 -1.687731900513616523e+01 -1.521814723380259693e+01 -1.491835048737084435e+01 2.390723462031009827e+00 1.013852203338897162e+01 1.248351105801820538e+01 -2.923533678408126932e-02 1.877158304825830015e+01 2.378251699988021173e+01
2.520303611169274660e+01 -2.808126483083665903e+01 -1.875394096508805930e+01 1.505702695320808360e+01 -2.340597757823357217e+00 -4.061781171354832409e+00 6.021849146389601337e+00 -7.183994303501759049e+00 -8.895198777919043565e+00 3.505541679007919686e+00 -1.282484994859222738e+01 9.177644325023923244e+00 1.320640760807101621e+01
2.493591053561898008e+01 -3.239199524846944200e+01 -2.625918534282899586e+01 8.383489712621399192e+00 -3.483627689231774127e+00 1.203106230550637035e+00 1.818719816569352998e+00 -1.091162969231913027e-01 1.699133607505546761e+00 2.912322938925726579e+00 -1.299108835701568943e+01 6.177573793416050840e+00 1.131693125768771679e+01
2.493735711650903397e+01 -2.838441097692783543e+01 -1.913719859184324079e+01 1.025782074296430579e+01 -6.757419896182289554e-01 1.703192980729428818e+00 -8.523821984040889532e+00 -3.691617279949924502e+00 1.920557914731566340e+00 -2.202997401392569721e+00 -1.699918159032557696e+01 1.373177179813333915e+01 1.391810039635281804e+01
2.506299814800247461e+01 -3.610217551334952901e+01 -2.578394004426121100e+01 2.579316184572686410e+00 -1.538816940410316025e+00 5.261177138884298721e+00 -1.440270889947798771e+01 -5.555947057438646031e-01 6.909408913742366209e+00 3.889752033334367365e+00 -1.470623141489625318e+01 1.903248062923589501e+01 2.289313807428294112e+01
2.491411480075372964e+01 -3.773815293084213351e+01 -2.695402491464957606e+01 3.383938356035720574e+00 -2.842210839515240117e+00 -1.012300483488776770e+01 -2.223505604508260802e+01 -2.780821150556230137e+00 5.933690620844156882e+00 4.430935654607116803e+00 -2.273676676908664263e+01 9.208455155970515449e+00 1.583112039986620623e+01
2.511794951947615928e+01 -4.132000241147252950e+01 -3.484001401505517492e+01 7.359746569725972298e-01 -1.439397734140736418e+01 -1.763574864469199710e+01 1.301844537772890886e+00 -1.027396403709421868e+01 -1.073186236841996610e+01 1.068582716646351827e+01 -3.807367351134905764e+00 1.391810317016263454e+01 1.716823236746850156e+01
2.474740150061797905e+01 -2.619160547018320884e+01 -2.461064320343197309e+01 1.541799131133849343e+01 -7.345467690455024012e+00 -5.936160931963431864e+00 -1.530678005469821468e+00 -1.092921529965966343e+01 -1.445153700648130091e+00 6.496017518696641346e+00 -2.781038400290372081e+00 1.276141463466998793e+01 9.200888983625521433e+00
2.457440309427710545e+01 -2.437138291099514475e+01 -2.396028671776929997e+01 5.373299773447020478e+00 -7.191253766203616671e+00 6.875181795230138615e-01 6.553702979913988980e-01 -9.165684963585311706e+00 -3.255235543346743921e+00 4.490871538537086316e+00 9.520756906773417683e-01 1.740075879240773205e+01 1.205687406741043510e+01
2.481789952744693650e+01 -3.573975943463556604e+01 -3.141643686045415507e+01 2.719972800743413632e+00 -6.723595345444635107e-01 4.069365264267158722e+00 6.174846423962359054e+00 1.991953534709246521e+00 1.048136197800547675e+00 -9.004699035812774310e-02 -1.554349505597038750e+01 4.901887891787419349e+00 1.008171150974635211e+01
2.498054418605603288e+01 -2.868027037583469152e+01 -1.873895976727278523e+01 1.400775240233044272e+01 4.597755934203319406e+00 -6.667764802135007773e-01 -8.128185280355818776e+00 -4.298125694080829007e+00 -1.507319308649454070e+00 6.210521018593824216e+00 -1.442379766558016740e+01 7.674574733818303685e+00 1.693234556919697908e+01
2.503190171180058954e+01 -3.592477304862538290e+01 -2.975244565768298344e+01 1.083740733338695961e+01 -1.368785698389573646e+01 -1.259747833649121773e+01 8.053328194319975708e+00 4.915513148031902091e+00 7.187652156964674965e+00 8.195828030771837192e+00 2.205169230467190378e+00 1.259784610799219351e+01 9.194593088249444435e+00
2.507135395132058164e+01 -3.854683041364758367e+01 -3.032188879124483094e+01 4.019512229252788948e+00 -2.624795686472810630e+01 -2.483357968936947202e+01 -7.141668200313738168e+00 -1.069153133199867867e+01 -4.034053924719175122e+00 3.376976963488152794e+00 -3.759235526864366239e+00 6.160087184217106326e+00 1.532601654627828225e+01
2.457628438727383369e+01 -3.229073448848521366e+01 -3.391729435671382475e+01 9.489517113229220535e-02 -7.159070197525736035e+00 1.007311035827181067e+00 -4.246343386361441929e+00 5.701105657320134634e-01 8.294931838047242545e-01 -1.200055655202627136e+00 -4.672078473476370064e+00 1.600209107800877462e+01 1.289071277581455455e+01
2.497690728588058562e+01 -3.895663799002890215e+01 -3.599102541514347564e+01 -4.950848574564029825e+00 -1.116901130018876565e+01 -7.565133821879810760e+00 3.308468116172575524e+00 1.623139824866194791e+00 -6.826757995197521467e+00 3.960491211530340561e+00 -4.809510114094434741e+00 1.187807001123887574e+01 1.487157256107704484e+01
2.486279017656759649e+01 -3.644332588375319659e+01 -3.218467421841911147e+01 -5.348898294147964583e-01 -8.169761521683025052e+00 -7.663611129590921500e+00 -1.509608888143218408e+01 -1.088709232929914883e+01 -1.531997300290382924e+01 -1.721175585293204247e+00 -1.202284954141561180e+01 1.014935610767930285e+01 1.387244565781285566e+01
2.492827928276712157e+01 -3.835900407873816675e+01 -3.228135671916086125e+01 -4.417694220939463179e+00 -7.368547175330072641e+00 -3.855917586550838827e+00 -1.598072505065793258e+01 1.863362073218826076e+00 4.169895528605152002e-01 6.477540634931692409e+00 -1.741085607053017625e+01 3.865482190601963630e+00 1.770998919175049835e+01
2.505165770472491360e+01 -3.993931758519921971e+01 -3.239222277989460963e+01 -6.458340137928344049e+00 -1.163425453004404098e+01 -5.407502525376139069e+00 -1.552941494763630281e+01 -1.542470507110254241e+00 2.383811069672072236e+00 3.477352984604888508e+00 -2.321436963102046036e+01 -6.506231917634411666e+00 1.334761850982595455e+01
2.490010285202678730e+01 -3.556716257451372343e+01 -2.922047685366145231e+01 2.544677977326764928e+00 -1.674881539099147387e+00 1.232238519865913373e+00 -1.010665672645218827e+01 1.071876520588866510e+00 -3.830112656837520113e+00 -3.028925837581972313e+00 -3.277182969435608939e+00 1.256394739672323801e+01 2.037336822045708828e+01
2.490468671599949602e+01 -3.750003125688856187e+01 -3.253967360672005071e+01 -6.809755588731373210e-01 -1.073909033720067185e+01 -4.911220058008915146e+00 -1.256978711269704263e+01 -6.580861014388775132e+00 -7.333755679784377257e+00 -6.249180489658016313e+00 2.393075490339297673e+00 6.059666875233777006e+00 1.441629442297776187e+01
2.512468804612518625e+01 -3.973990212272774158e+01 -3.449018261770228122e+01 -1.062832717992185572e+01 -2.132916082126016022e+01 -1.575193769490866025e+01 -1.259260626591952814e+01 -1.185386243871914580e+01 -2.447145182144410569e+01 -4.654985160258067189e+00 2.301939116104667615e+00 -2.861452544478524818e+00 3.195061034879341122e+00
2.481465299799750568e+01 -3.653378414170945376e+01 -2.856889642789660044e+01 -6.997225669754724153e-01 -2.008173157541900622e+01 6.664770556871632223e+00 1.398804483128309784e+01 -4.865121173086143891e+00 -2.283277409865150176e+01 -1.493425243642287681e+00 1.389018377818374361e+01 1.135191786445573747e+01 -3.673029145118988925e+00
2.456349796481936565e+01 -2.654637832397668973e+01 -2.491367177469725647e+01 1.365708384770482953e+00 -1.337886723774136577e+01 1.177812003757322934e+01 1.023149730248523426e+01 -3.000524460293634288e+00 -1.009406523024814462e+01 -7.191237715293842925e+00 -1.077705844300343108e+00 1.493473107062995275e+01 9.531389746741048441e+00
2.460206811237297941e+01 -2.119220525910392894e+01 -2.425637227205593760e+01 8.157079144054307562e+00 -7.727106141390680527e+00 -4.068298649570793124e+00 6.382748764361481975e+00 -1.055395377811921831e+00 -9.403348697640025122e+00 7.566094002231411153e+00 -7.096153379253300919e+00 1.380494794823969507e+01 8.761445645415445682e+00
2.532450523414220811e+01 -3.182071950311203068e+01 -1.812500661859989037e+01 8.212148563119132660e+00 -1.160632849345499729e+01 -5.704884643500920838e+00 1.730404015794059802e+01 -4.051139377802552843e+00 -1.774347867353619179e+01 9.477670832604355056e+00 -1.007745742355984575e+00 2.085251803609341259e+00 1.155369367200147046e+01
2.487962269125566905e+01 -3.921434508983595890e+01 -4.167845801984162080e+01 -7.333091445921618323e+00 -2.563830671212251389e+01 -1.516891134403598151e+01 -2.222842804645252190e+00 -1.019359316142396743e+01 -9.762151067768517265e+00 1.950404706502426810e+00 1.233956147529137937e+01 1.994949264533740774e+01 3.916384906901582141e+00
2.471808126705957775e+01 -2.881318523436690526e+01 -2.381911193023601925e+01 1.105418982295886821e+01 -3.300368474347461500e+00 3.719415637574751354e+00 2.530303760694788462e+00 -1.287893449877149621e+01 -1.358728852154638744e+01 -8.298440017335792618e+00 5.833002076890108079e-01 1.829164590211383512e+01 8.048489053311337571e+00
2.489279759807519454e+01 -2.569500136255094347e+01 -2.246722730385709355e+01 6.387982551085760186e+00 -7.764633384880583300e+00 -2.528861944940128392e+00 5.591733930898200589e-01 1.460523364905273569e+00 -9.471461703633300644e+00 8.127352968514376386e+00 4.405605601831560358e-01 6.453647048299469446e+00 1.236338519752847809e+01
2.474803315103382673e+01 -2.670514469213330955e+01 -2.356923357993753143e+01 9.247282902132823779e+00 -9.447325911465075166e+00 -3.640622632791743474e-01 -1.262974549981648043e+00 -2.041448903880168420e+00 -3.951113551764428689e+00 -1.822159571114744692e+00 -1.496973983073194736e+00 2.062784538586232230e+01 5.011677836296006383e+00
2.499831026102129528e+01 -3.925732934790652706e+01 -3.300635186739788907e+01 1.505916843549141904e+00 -1.412551008867689895e+01 -1.106762771096488507e+01 1.748496942783999419e-01 -6.413996032844537787e+00 -1.362179946986920775e+01 -3.719514413807202935e+00 -7.607350890963866519e+00 1.358746351397715912e+01 1.100686858274387880e+01
2.495330429346082823e+01 -3.673471515517904606e+01 -3.134517195768902909e+01 2.551950138720645356e+00 -1.416458046441177743e+01 -1.211528972571761287e+01 5.324891899472434353e+00 4.597723705259587623e-01 1.442937430967166312e+00 7.825430335948682092e+00 -7.323267092708682924e-01 1.337421605729721819e+01 1.711121389562122985e+01
2.480687024855908618e+01 -3.257201880542987027e+01 -2.888526762734212383e+01 5.226197989886748552e+00 -1.284621002774046117e+00 3.384697471273649949e+00 -3.325371067499174771e+00 -5.828356971711615708e-01 -8.910896963319235864e-01 3.407539419108016165e+00 -1.215187800508703830e+01 3.354303427454198072e+00 9.010673030609021694e+00
2.476488503524819507e+01 -3.898515961110741301e+01 -3.534057512547003199e+01 -8.193181867720790379e+00 -4.815934200126704035e+00 3.083311290048789566e+00 -1.814487280731387386e+01 -2.064025333608640711e+00 2.930047051224334620e+00 -8.806200673447790450e+00 -4.282486128829451566e+00 1.902892626635287243e+01 1.210564081142884696e+01
2.480561943708304895e+01 -3.681057283992845441e+01 -3.406783499569657181e+01 2.748012826842159306e+00 -7.861912916635906079e+00 8.314266278401304389e-01 -1.000475071208282385e+00 -5.907403479607066465e+00 -1.599663061133184527e+01 -2.400274668150709445e+00 3.446213064776903146e+00 1.590252952394446240e+01 1.398851810473712121e+01
2.492755144847491877e+01 -2.818075203160124786e+01 -2.165808617867900310e+01 8.061860695082149419e+00 -1.167482525576045838e+01 4.396573452723267494e-01 8.250880999092045087e+00 -1.715601369240262075e+00 -1.187821590312432107e+01 6.064050859872233801e+00 4.155985286560403225e+00 1.510551953544119286e+01 1.343202531970064584e+01
2.513520916444836217e+01 -3.958976103880613806e+01 -2.888523788011141846e+01 4.474186623559045728e+00 -1.883198522867197156e+01 -1.654877295875003540e+01 -2.645574740416430704e+00 -9.616866018804318017e+00 -1.303765332638359098e+01 1.453037439733324909e+01 1.422988348691704985e+01 1.461749446307467437e+01 1.155101335429735165e+01
2.515507475410061389e+01 -3.682331190904893248e+01 -2.686700091512013344e+01 6.879683930882953824e+00 -1.673718613258751020e+01 -7.015000380588248596e+00 7.921089116444155032e+00 -1.263363492221096340e+00 -2.790144658631848351e+00 8.585828031166487406e+00 8.458015014869932902e-01 8.595969090152101089e+00 6.798268310042155704e+00
2.516441796084071925e+01 -3.713385220321622171e+01 -2.717471128052109464e+01 8.247396106543634531e+00 -1.262105389125631305e+01 -3.385891491839362111e+00 1.499897426649990528e+01 -3.534465006680355348e+00 1.987332755282468888e+00 3.670151522093093366e+00 -3.808331866641982089e+00 1.377790345059221266e+01 8.622340254442125485e+00
2.496868148195895287e+01 -2.757594274278049440e+01 -2.360556489658070944e+01 9.908910322730845266e+00 -5.208996016465937906e+00 -4.916727131671201789e+00 2.578811179037594936e+00 -6.671643338768321385e+00 -5.015267882492076446e+00 9.569540775785224440e+00 -8.141538525572984852e+00 1.081171192855558694e+01 9.675971340709130786e+00
2.502250353503935898e+01 -3.979848552713031751e+01 -3.291722055191792862e+01 -4.412767134484810505e+00 -8.857529122481839323e+00 -7.398593605466866840e+00 -1.074246414983331910e+01 -8.540367762240942184e+00 -1.170777087256315419e+01 8.537514090643790965e+00 -1.822335106214907441e+01 5.123536749885195363e+00 2.142969919007773782e+01
2.503340546419141077e+01 -4.406891648002699213e+01 -3.376550501461473175e+01 -2.240103442307574522e+00 -8.586093817546183615e+00 -1.058130567731073235e+01 -1.322382961208439234e+01 -5.160593487750612773e+00 -1.378250640794821180e+00 1.120206474546216846e+01 -2.540620450980075518e+01 5.316255330646068034e-01 1.964031640925571409e+01
2.492203690691244233e+01 -3.177384674549572807e+01 -2.379237711680050538e+01 1.059749669775292169e+01 -2.325674935247727060e+00 -8.842863985067202393e+00 6.953581582264544148e-01 6.139555407416152022e+00 -1.184690834755258493e+00 1.706971007059889134e+00 -2.012070065528445539e+01 7.531884648064078647e+00 2.178489896629130129e+01
2.493243022102166506e+01 -3.960985333321963964e+01 -3.839270308442023349e+01 5.422041740937552090e-01 -1.293348574453848165e+01 -1.267627596830550019e+01 3.630991471367525758e+00 4.529033638565715059e+00 2.334055798953872940e-01 1.237814713658626786e+01 1.147428440979140163e+01 9.781711535327946905e+00 7.309836680151532207e+00
2.502619357134540223e+01 -2.815889670504826370e+01 -2.360028003884391623e+01 1.218179439599676606e+01 -8.446645360040168526e+00 -1.451963365739905809e+00 1.045345322152806133e+01 -4.506520615512638273e+00 -1.349671958297679630e+01 -2.710989150223314326e+00 5.000574016935446231e+00 1.290597205039142992e+01 1.687053849016840301e+00
2.498141647510690433e+01 -2.694278858232409135e+01 -2.158243020563991976e+01 1.226510774087912559e+01 -4.053381586332460707e+00 -4.665167598412054417e+00 -2.758329930827498444e+00 6.843601530744991557e+00 -9.153927768148625077e+00 5.748455564813325092e-01 -1.280992082700457857e+01 8.647463776443519379e+00 1.218329993688285029e+01
2.503611086443179801e+01 -3.544120281079405999e+01 -2.729940156099545234e+01 1.435572019318973158e+00 -5.454256592656096636e+00 -5.547071119717270626e+00 -3.519622067860532333e+00 5.202405855900574139e+00 -1.380626134674644456e+00 1.529608466622938678e+01 -2.042504673832025830e+01 3.147442714424600219e+00 2.184739419758244949e+01
2.493676866787699353e+01 -4.202409156119370692e+01 -3.369388411002442041e+01 -7.509128446826452752e+00 -1.362472561660706738e+01 -1.558004701443066509e+01 -1.540724995108152839e+01 -1.143122317289799739e+00 -2.773269460490680682e+00 -1.471445071818437977e+00 -3.858137091335241564e+01 -3.513149524008520874e+00 1.529355637331048534e+01
2.489828259746685646e+01 -3.949179928173008847e+01 -3.840428514943310745e+01 -2.959686950969664831e+00 -1.545655187162456734e+01 -1.181241959415871534e+01 -5.453216029131773723e+00 -8.223926193523786177e-01 -8.985206511369900895e+00 5.549938936495521169e+00 -9.127907711922793155e+00 6.894851682551707661e+00 7.411693875206409210e+00
2.486216110493030484e+01 -3.361791083590600238e+01 -3.015471286284348196e+01 -2.552533352072757777e-01 -5.081950886932777856e+00 8.253147965620492021e-01 -1.499561895947345391e+01 -1.812416437706928285e+00 -2.085499048087283036e+00 6.445851371560090470e+00 -1.181283310848153523e+00 1.204126419108344415e+01 1.363816325147103292e+01
2.493074041112531702e+01 -3.860463096413604944e+01 -3.433592803413679206e+01 -2.760261171579826645e+00 -4.074570523778715092e+00 -4.106542423935006347e+00 -1.713903139567138112e+01 -3.764227931087638535e+00 -8.204750146384794718e+00 -7.565948328783544952e+00 -4.735159852091705979e+00 1.105172866567557399e+01 1.282370256708285261e+01
2.502650778767199924e+01 -4.350256333142529996e+01 -3.909197266761140810e+01 -5.596845370170145273e+00 -2.359227535197309322e+01 -1.834455830849423208e+01 -4.807777297418340368e+00 -1.576071979036514925e+01 -2.746466314241384055e+01 -5.904496553885035581e+00 -1.379539637967180710e+00 1.213703467666870672e+01 1.193693743229953164e+01
2.489759078603040621e+01 -3.765987923545206684e+01 -3.150937737419725337e+01 3.753613814373755631e+00 -1.268668393500754554e+01 -1.472808365299088074e+01 -1.241078925098643815e+00 5.989387429612263780e+00 3.382197121003920781e+00 1.295491836720764844e+01 -1.188402729293103022e+01 6.092781449086889012e+00 1.785473841681747942e+01
2.502545751258484685e+01 -3.530374441382713968e+01 -2.690517073605821352e+01 5.738768548565684746e+00 -1.486069986783506103e+01 -1.718711582058559628e+01 -8.301164447508976307e-01 -4.781566080096091298e+00 -9.149117734090157938e+00 9.628251338554980165e+00 1.190332536651555362e+00 1.214190883503172991e+01 2.229146073825198116e+01
2.516417714927907667e+01 -3.072693646496662012e+01 -1.837513045937957656e+01 1.299723371483671741e+01 -7.766470958180692996e+00 -3.710405817914686821e+00 -4.864445975231736163e+00 -1.025007216854872816e+01 -4.090668028048768612e+00 6.716145655712693063e+00 6.553945053592840964e+00 1.113169346097387979e+01 7.533145645235479471e+00
2.489071027215113219e+01 -2.634177854836037014e+01 -2.233959841842015592e+01 5.716081135738787289e+00 -5.774041273400213115e+00 5.938417390114016925e+00 -2.423335744129481828e+00 -2.456940139598440612e-02 -4.057960317380177706e+00 -1.069515542689048537e+01 -6.110496485062777872e+00 2.154434472621368712e+01 1.633519683969333158e+01
2.496982374568026586e+01 -2.922849688635375642e+01 -2.099129686359869140e+01 1.070827552298113439e+01 -3.937155188518004501e+00 2.647567375329086481e+00 3.213232546872277773e+00 -1.093658984956187474e+01 -1.292633453613461114e+01 -8.559385136475021749e-01 -3.442593103161462498e+00 1.061312130571454126e+01 1.359169612587775333e+01
2.504452152261924169e+01 -3.198382444709718442e+01 -2.425386570807649989e+01 8.692825182665536943e+00 -1.441717678496148380e+01 -3.147655783125975049e+00 5.536523348870504790e+00 -4.144322074004469947e+00 -6.867229315506176768e+00 6.477196682103909531e+00 3.560033134259457555e+00 1.222721175553897766e+01 1.134800014200616403e+01
2.504321974141225837e+01 -3.329627575739066714e+01 -2.658680003679544157e+01 4.043479803001198469e+00 -1.029216268692969827e+01 -1.316131129610030648e+00 -9.203221045671254430e+00 -8.731965543458601431e+00 -1.435642308732082650e+00 5.994038961834818657e+00 -1.963229642949839482e+00 9.384658732071336829e+00 1.122053727263779699e+01
2.480201998111973083e+01 -3.267850069920361733e+01 -3.250484768516020040e+01 -3.264822667422917934e+00 -1.663159918398011072e+01 -4.448416128770793065e+00 -1.593701707001817791e+00 2.352928774356407793e+00 -4.813811032488185759e+00 -4.034061377947645965e+00 -5.979556826852697071e+00 1.083074048607330298e+01 1.174556090779918982e+01
2.486215969904371548e+01 -2.877082896350278318e+01 -2.483217345400089471e+01 1.054405958881053529e+01 -5.710262002475669618e+00 -6.478269715974632526e+00 -4.544061182736162330e+00 8.475120611403879067e+00 5.376128268899130980e+00 3.012956840968759931e+00 -4.134237784777368141e+00 7.202244999998260511e+00 1.796674971218116479e+00
2.472946070558403520e+01 -3.712576159147246102e+01 -3.643982824054789660e+01 -6.201126912951413495e+00 -7.825674391147331654e+00 -2.744143072249506154e+00 -1.111445789448532295e+01 2.311350253070396654e+00 6.555425107760127545e+00 4.253901060908318321e+00 -3.662837087355937382e-01 1.856559142915606486e+01 6.519675372071767505e+00
2.482958171752316545e+01 -3.198713753908758761e+01 -2.688310858227874789e+01 7.154461237117252459e+00 -1.957829902255160626e+00 1.257036233275927062e+00 -6.504219867388857601e+00 4.063767761115107291e+00 9.528964180084145141e+00 -2.851037864041106040e+00 -1.908772084990672369e+01 1.972256187222684787e+01 1.464452733702244913e+01
2.512419561415665115e+01 -2.738096657622243768e+01 -1.916575556494854027e+01 1.111222866947020194e+01 -6.215247945995389323e+00 -7.235944300182924671e+00 1.188149786839553812e+01 -5.897831133951853211e+00 -7.012453192432940519e+00 7.513228786662749847e+00 -1.227261488454517746e+01 -1.912532662680540008e-01 1.147723643788348369e+01
2.523911189483371942e+01 -4.344653016939547285e+01 -3.466644900048043354e+01 -5.903007802372498780e+00 -2.693019796304717417e+01 -1.868853074568844264e+01 -1.241970350997349648e+01 -2.418746649983405561e+01 -1.624330159622857295e+01 1.232214056247814149e+01 1.095086020760569845e+01 5.301714603417988947e+00 4.909510397885649802e+00
2.487847571590165785e+01 -2.600147273348491339e+01 -2.014309337344527506e+01 7.549956384180137370e+00 -1.801737188390440636e+01 -9.165792709617711864e+00 6.726482141016278504e+00 -3.014341131909552995e+00 -9.508702419394134964e+00 1.276723326660228253e+01 8.051070433866879483e+00 8.609790012617125399e+00 8.990956703055685395e+00
2.483862953532391771e+01 -3.364641209479151485e+01 -3.098528475238428470e+01 6.297202077052813429e+00 -1.245976171818895928e+01 -8.977771393327707017e+00 -3.786560393159837279e+00 -6.037764648695951308e-01 -6.328980088002034154e-01 -2.719375864990897451e+00 -1.407318983520926325e+00 1.022940325588340826e+01 1.011184600631125008e+01
2.505224292073675230e+01 -3.233911659727948518e+01 -2.560236156102331151e+01 7.731449932816376602e+00 -5.288454040276367785e+00 -4.880423460481259079e-01 1.645441132394496853e+00 -4.402860690104781760e+00 -1.360823408085942177e+01 -5.569564276513861989e-01 3.946547370683127998e+00 8.758625721255668850e+00 7.574636706803683950e+00
2.485790440280210944e+01 -3.693049623704788331e+01 -3.311736197267374138e+01 -2.685868635295031837e+00 -8.179063079735362507e+00 2.690972067357435105e+00 -3.467647031427674609e+00 -4.225054806305979405e+00 -8.715503401465527489e+00 -2.435692119924803389e+00 2.749835758522676699e+00 1.896062362757648856e+01 1.091767662529917793e+01
2.480295483269456014e+01 -2.933412598459309351e+01 -2.576480736979895880e+01 5.843227334680911156e+00 -2.346697860692582571e-01 1.872762844660674997e+00 -3.944254756398925199e+00 -2.482170880249571443e+00 -6.260562130963536198e+00 -1.710533874276505495e+00 4.545578578363651090e+00 2.074458972259769141e+01 9.646253789688001845e+00
2.487820783288986348e+01 -3.578007092345126949e+01 -3.271902447105609468e+01 -7.842760570661654995e+00 -6.430459760858260765e+00 -1.463496760832524224e+00 -1.777698537723971484e+01 2.918942997761073244e+00 -2.350107402056451633e+00 -4.324370414828212716e+00 -5.341597313318496631e+00 1.259940640337124584e+01 1.362103871921210896e+01
2.512209353401192402e+01 -3.518528652738257279e+01 -2.756416961083436945e+01 2.772048787473723852e+00 -7.715905097033470827e-01 -1.073224890218245520e+00 -5.624031252903407996e+00 -5.767073456120260566e+00 -1.672491533676737419e+01 8.982679971935251251e-01 -3.493864031269675596e+00 5.172383123369897362e+00 1.711343635788805173e+01
2.511699146431176644e+01 -3.042977848574818722e+01 -2.237650038428455801e+01 6.190376811401610446e+00 -3.901688108283734469e+00 7.484484858801169871e+00 1.573629022227726004e+01 -3.932208706274372023e+00 -2.888016267869148379e+01 -3.024302521551174294e-01 -3.339120172736955716e+00 8.665235397351022328e+00 1.514200416235839164e+01
2.517922147872696925e+01 -3.788266613155416707e+01 -2.743242641331813303e+01 -2.041166675381166584e+00 -1.720150108626304331e+01 1.398070067985496934e+00 1.204777447301854210e+01 -1.712278679731526587e+00 -1.216614179876702728e+01 1.207608204813258190e+01 1.555595398886065617e+01 1.247294736814622240e+01 1.392296392518491466e+01
2.494921494278751695e+01 -3.844733104018050796e+01 -3.469722640893768073e+01 -4.957643452802395601e+00 -1.491679057575471923e+01 -4.012583482693689696e+00 -3.262964184043332327e+00 -6.187492733113510113e+00 4.108789582793862749e+00 1.179426750859996709e+01 1.667777282361803781e+00 1.954951658559617300e+01 1.920845731716883975e+01
2.484681234821676199e+01 -3.726377899816254313e+01 -3.432235302007184430e+01 -1.311893406964409925e+00 -7.688392369868601861e+00 -3.381569353587308147e+00 -4.465461042349021525e+00 5.501495556337695492e-01 -4.119307534602105747e+00 1.467751750758568008e+00 -8.030724115595965884e+00 1.964802287953108362e+01 1.981245881223202687e+01
2.493666876584604353e+01 -3.945754513776958561e+01 -3.382713485300092060e+01 -5.754522846385007107e+00 -1.623608781690272096e+01 -5.668076994651558564e+00 -5.853857110938976760e+00 -1.002844976758451345e+01 -1.195378148177033317e+01 -4.431295624111956322e+00 -6.571290222717525609e+00 1.219260306971924379e+01 1.739314113179646526e+01
2.474956532718628566e+01 -3.320176542028576705e+01 -3.073961475406423460e+01 5.929891171744358092e-01 -6.314733643086139381e+00 -3.118536573232834286e+00 -1.919449588718934896e+00 -2.006854818557854081e+00 1.171187624132581817e+00 4.581356494113048683e+00 -1.641081782814650936e+01 1.523837117648916895e+01 7.125597341185509137e+00
2.507502803655261658e+01 -3.995820544373555805e+01 -3.366201446317873547e+01 5.201566396434261108e+00 -1.373877397130354616e+01 -8.370962378507933010e+00 6.225933417585935103e+00 -4.994396154836951318e+00 -2.879608385978884133e+00 6.595627692517846086e+00 2.160211598735666705e+00 1.103758756023384180e+01 5.405289740967466727e+00
2.521147368676312084e+01 -3.988302629273032096e+01 -2.884014143737122993e+01 2.338244281163042448e-01 -2.208906768023520684e+01 -5.144531596783728844e+00 1.139795408296905954e+01 -1.441499151310703120e+01 -1.632444447696955336e+01 1.039784170205838976e+01 9.215602341427874933e+00 6.938084198215229925e+00 9.215748951106320419e+00
2.541203134510441686e+01 -3.873626980163803069e+01 -2.281262476653723326e+01 1.151707046970842896e+01 9.564859697846777919e+00 -2.943582874045634235e+00 1.044932062163714015e+01 -7.376235057424643138e+00 -3.322927463735197762e+01 4.613998487882153832e+00 -2.564278469379723369e+00 3.334996928026957019e-01 1.584593920617114904e+01
2.510998823240637634e+01 -3.980479782992042459e+01 -3.759215275251892763e+01 -8.808923402942815173e+00 -2.209358903575207833e+01 -1.952532566973806993e+01 -9.956198470743860440e+00 -3.937979992145053121e+00 -1.495160931948760741e+01 -2.166636344114303725e+00 -1.909462087664461460e+00 3.124827458075235764e+00 5.643953799154288298e+00
2.485470443277710118e+01 -2.712881372166786420e+01 -2.255090846904818136e+01 2.161336251849381718e+00 -2.011171673948544480e+01 1.356670108511721651e+00 1.105673701330374570e+01 6.048176742420429131e-01 -1.543752258345835138e+01 2.904770566035526080e+00 1.593030467635339242e+01 4.419610771742364719e+00 -2.544746318953717168e+00
2.469958605513545535e+01 -3.532906481532310039e+01 -3.702820617727309127e+01 -1.414482415969123785e+01 -2.016734543597593188e+01 2.017798052115273411e+00 -3.344382642130391936e+00 -1.164280012641609829e+01 -1.715945953800398982e+01 3.151811139857218169e+00 6.368551940281437673e+00 5.849681154633282532e+00 2.109494284994028135e+01
2.511289625684353766e+01 -3.752801295494296596e+01 -3.104792610349585047e+01 -2.800679271119889790e+00 -1.225746486606915120e+01 -6.546760027068201815e+00 -9.078939439352245344e+00 -4.726923097145195207e+00 -8.091425502926574254e+00 -1.593488781316096947e+00 -3.208413890113793965e+00 9.947187932035479463e-01 7.126938868940346339e+00
2.487676431107409059e+01 -3.403032472530703245e+01 -2.979437481459735437e+01 3.909938511811057893e+00 -4.000440294490025472e+00 -2.099364959310483059e+00 -1.724177676424221062e+01 -1.628660907637602051e+01 -8.485300826369725158e+00 1.009032130849651709e+00 4.581548768221109569e+00 1.048004389351721244e+01 1.302944616003489209e+01
2.473452032488742347e+01 -3.787671758917654330e+01 -3.776374964324204342e+01 -1.190928190221897331e+01 -1.401899265285230811e+01 -1.151830313714617127e+01 -2.112760975975693256e+01 -3.818075883569016948e+00 -4.858664698024615092e+00 -4.017469670109968582e+00 -7.886569615334812156e+00 1.127183179721020068e+01 9.012317051588601302e+00
2.495566670611568938e+01 -3.915178990603744325e+01 -3.436714660756602058e+01 -6.058782333056983660e+00 -5.335316374062961664e+00 -1.161326919381834299e+00 -1.493610101590793171e+01 -2.448886314850331924e+00 -4.355886241821596450e+00 1.121373903900975827e-01 -1.087370832431449763e+01 4.325826049824847530e+00 1.033712695839657414e+01
2.479873863192051786e+01 -3.823201664267950406e+01 -3.798706162261733965e+01 -1.084384164887477731e+01 -1.358620615203287052e+01 -4.541221819311703101e+00 -1.868946828147329242e+01 -1.797961506267263587e+01 -1.836555873200831712e+01 -7.447881626239046149e+00 -3.391904377238280865e+00 2.718235439625765792e+01 2.842186639078960297e+01
2.464038107585798087e+01 -3.264344546243408729e+01 -3.083381770172951519e+01 -1.177260299444812697e+00 -6.020626093498687048e+00 5.932322339403003575e+00 -6.456485876525947631e+00 -8.604668995585010194e+00 -1.371520789834619691e+01 -5.459485338608157434e+00 -5.883651727292383171e+00 1.551332750304840857e+01 1.289319007265626205e+01
2.479720133005047344e+01 -2.965065635369812114e+01 -2.309573107642581391e+01 5.151808276090323879e+00 5.133935099700200233e+00 1.479901953168257833e+01 -3.365332999321879459e-01 3.251543765863140312e+00 -5.781571573941711506e+00 -2.199330691033391183e+00 -1.209509443919235494e+01 9.827355102519774732e+00 1.755512174489377131e+01
2.507868765778342990e+01 -3.495643094413168939e+01 -2.959539273120398661e+01 4.517409845207231989e+00 2.110335374021152788e+00 1.318634939978572396e+00 -3.296941077076706694e+00 -8.867971154427957359e+00 -2.424045919343671684e+01 1.137799190341632460e+00 -8.452028324043427077e+00 1.169958548335806370e+01 2.407585639745631667e+01
2.486825341238635545e+01 -3.656175420563546652e+01 -3.581244684590159721e+01 -2.355691050227123551e+00 -2.101369946176196635e+01 -8.851647375029919829e+00 -7.847357723819978759e+00 -6.652091435819036391e+00 -2.646408424677886728e+00 4.079926404909898885e+00 7.995244462878123848e+00 1.288851831949917326e+01 3.560070604322068011e+00
2.485180135485910569e+01 -3.249775028640480201e+01 -2.712883215787541147e+01 3.358492964942861647e+00 -1.814287778983657873e+01 -7.917193709296398429e-01 1.458184325977045059e+00 3.859192150445604153e+00 6.689935245483791704e+00 6.147021376603725606e+00 -1.354572412596839470e-01 2.322868180147992234e+01 5.886214312694410644e+00
2.492541410493538478e+01 -3.182338442803646572e+01 -2.289259549334745714e+01 5.101211366720398210e+00 -5.407182601861109106e+00 -2.698098233081632102e+00 -1.376894078732042814e+01 -4.886979055116746906e+00 6.124922219166355930e+00 9.643422122814925501e+00 -8.823293545100613144e+00 1.684648785294191597e+01 2.182083751809873107e+01
2.501964949282549000e+01 -4.306259755011155477e+01 -3.510110392148457947e+01 -8.830541837503631086e+00 -7.101907153730507183e+00 -8.853535558218732504e+00 -2.645830410824947521e+01 1.032919355459315014e+01 7.423555468212274633e+00 -4.304426247053373622e+00 -2.334336448640957684e+01 -4.365143269959117056e+00 2.263776767083062325e+01
2.503890778934212236e+01 -4.189126491982403167e+01 -2.949503565760507939e+01 -6.067764295077580528e+00 -4.564524466949482218e+00 -6.947691986986148649e+00 -3.424553017308906533e+01 1.442663374714102664e+00 1.438546495018485061e+01 4.010585357748284174e+00 -1.802229171765818450e+01 8.198872631483506979e+00 3.559782792364112680e+01
2.514902713204954310e+01 -4.271890421847493968e+01 -3.380456632719254628e+01 -3.693939656592074794e+00 -8.112589884779358940e+00 -1.163356566208078569e+01 -1.472256942103823185e+01 -3.123770893737551457e+00 1.317450128125246533e-01 1.072000536670748261e+01 -1.798442929565662496e+01 -4.161185596180269286e+00 1.611206275179588943e+01
2.510142275986864391e+01 -3.546802806826747911e+01 -2.538376240633317238e+01 1.082698812578678194e+01 -3.148812624394439652e+00 -1.139506937327552016e+01 -6.296623441641738594e+00 3.313761412976673260e+00 1.278881163381269781e+00 1.451607332180422816e+01 -6.861793199799008924e+00 6.912095652795042788e+00 8.962965142794734774e+00
2.508095803607814389e+01 -3.842507566644990646e+01 -2.854329055656155489e+01 5.065023166949491618e+00 -1.947085521934772245e+01 -2.313233029391163598e+01 6.316527418977897490e+00 7.513414305187407827e+00 -3.706300465324325888e+00 5.836842545730930532e+00 -3.645559166706538790e+00 1.377784615258214629e+01 1.680782174539783824e+01
2.524387928128490444e+01 -3.336886255954338054e+01 -1.838508534975890640e+01 1.263214273948927868e+01 -6.706823871470111165e+00 -8.126671603848832248e+00 1.007369556766989405e+01 -3.663885550108898936e+00 -1.618322745031558796e+01 2.937295015780620577e+00 -9.961528948984669896e+00 5.294642119720319506e+00 2.458857469586554600e+01
2.521376162626928874e+01 -3.352725932506734097e+01 -2.151059119291139865e+01 6.588648146299076913e+00 -1.013464680868496082e+01 -1.388193160661731440e+01 2.882010201685593298e+00 5.666649980324210967e-01 -3.950174681409066579e+00 2.033322973495797115e+01 -5.136093631925597869e+00 -7.064907068405377188e+00 1.179206218402579154e+01
2.478538750730960416e+01 -3.222945512342667485e+01 -3.005927696822611850e+01 6.440664297613245104e+00 -8.102011505280408699e+00 -4.313868620094149620e+00 5.148498788716438845e+00 7.247436990420751179e+00 7.729083484993286568e+00 1.222958232141336943e+01 -5.803846727526698501e+00 9.855712328847948456e+00 5.786411194265284053e+00
2.510885810972577659e+01 -3.315308133985610795e+01 -2.367091810895968962e+01 8.590181861333451963e+00 -1.795753278148695031e+01 8.047720867322296634e-01 1.262856344390755936e+01 -4.618456237468125281e+00 3.604171109467671830e+00 1.138820003053560725e+01 4.875777607423628979e+00 1.556795613549530799e+01 1.477938686008587510e+01
2.482624331854407984e+01 -3.676000069408177495e+01 -3.424941518246358640e+01 -5.116256482923296822e+00 -1.327222160482976498e+01 -5.068515736826542550e+00 -1.878143122645528607e+01 -1.213811161534825622e+01 9.667617160924022457e+00 2.789358577659906135e+00 -8.599387137479986620e+00 2.022089171068457603e+01 6.860441993134211103e+00
2.494872911455688680e+01 -3.201417426570119318e+01 -2.444025410385072306e+01 3.896967127948640641e+00 -2.473970466237162658e+00 6.674541099242621733e+00 -1.161351938457744026e+01 -1.499202894510265160e+01 -6.977541470803509505e+00 6.151601432539743897e+00 -1.668195294045212718e+00 1.616284824200357662e+01 1.636526214986799133e+01
2.498699571638297101e+01 -3.413076994541779641e+01 -2.597058983583604785e+01 2.771996344875528706e+00 -9.209355555220062328e+00 -4.487627792637367996e+00 -5.182408255854708656e+00 -3.620963269115590855e+00 -6.146617620330943055e+00 5.180858083888835175e+00 -2.930606736503943432e-01 1.159874312815359154e+01 1.853617591292619693e+01
2.504394752522285827e+01 -3.824633803058561199e+01 -3.249587819415435064e+01 -2.209202180601389287e+00 -9.265734153366404158e+00 -9.246407816303056748e+00 -8.446026844490095442e+00 -2.417355539353460703e+00 -1.404927903200415606e+01 -1.285941596701501322e+00 -1.732620145487228669e+01 4.937624324958016508e+00 1.682361003473357286e+01
2.516557928602711769e+01 -2.780744666552974564e+01 -2.062667695920465150e+01 7.113656208102867140e+00 -3.859811714313369446e+00 3.581893031897348756e+00 6.071899610905325595e+00 -3.353567287284834109e+00 -1.762706270429223565e+01 5.214959016563687655e+00 -4.955245346157020614e-01 2.794615225640810330e+00 1.168246355930620517e+01
2.517153001785532140e+01 -3.259041146069137795e+01 -2.096860254170678672e+01 5.929264416901639301e+00 -8.327702133544070406e+00 -1.411171808593843613e+00 2.010438439521714749e+00 -5.656575099629737480e+00 -7.757636767966981317e+00 -5.719980420782217578e+00 -5.432591774356129166e-01 1.206070404543966923e+01 2.604376672167049378e+01
2.532124920544169555e+01 -4.022855495352704480e+01 -2.673844066755405180e+01 1.556427019816363222e+00 -1.253347602006307504e+01 -1.965520822062016393e+01 -2.806647838353907520e+00 -8.441119450989656769e+00 -1.424166407456447203e+01 9.734719648075513376e+00 -1.050387264910972895e+01 1.501288236041336877e+00 1.805670099509182691e+01
2.494232145160244585e+01 -3.998937933949110146e+01 -3.814516076219405250e+01 -2.258831074481371548e+00 -2.446164720894493882e+01 -1.357351373037757014e+01 -8.137269798364249240e+00 -1.057394295826225594e+01 4.336260282003927991e+00 2.285678386602741696e+00 -1.096046975789610123e+01 1.341698187006906906e+01 1.468116253339424837e+01
2.502884636723250722e+01 -3.648191975227885564e+01 -2.855794559142984568e+01 6.009992027924858427e+00 -1.999931539593751850e+01 -1.306597786597477828e+01 -2.867641178638412836e+00 -1.398011220130325327e+01 -1.998583844271105470e+00 6.494695671429021822e+00 1.932294923678362641e+00 5.381471352998039137e+00 8.645018191879355385e+00
2.502904810352718457e+01 -3.855281325900348577e+01 -3.041478486062987940e+01 -1.820529109106746035e-01 -2.262404253922783326e+01 -1.893289889447116892e+01 -1.602141796483803660e+01 -5.903415147002029073e+00 6.980157265722536586e+00 7.748251302910266425e+00 -5.218401915709518946e+00 3.520533633067832735e+00 2.702464573505730883e+01
2.503656680941020340e+01 -3.930825608216969869e+01 -3.245555038486545385e+01 1.198659422747072822e+00 -2.000420348234916190e+01 -2.245320907228587615e+01 -1.228639284059929437e+01 -2.028492432699687154e+00 1.638349567107984628e+00 7.143519436652766785e+00 -1.065264992285528933e+01 -1.429482058267508293e+00 1.211926816204057111e+01
2.469074302263630827e+01 -3.486461759044448172e+01 -3.445430179978527718e+01 9.681393397964480618e-01 -1.329214874158096116e+01 -2.057870324182267674e-01 3.213914876386693376e+00 -4.036954451282593226e+00 -9.187143243641150647e+00 -3.567028929332174858e+00 8.026854277739417398e+00 1.050652526763630590e+01 6.840183000506736555e+00
2.451690807706290798e+01 -3.423544149778167878e+01 -4.039981689586090852e+01 -9.070042092711155135e+00 -1.550475889415578479e+01 -3.429242163220549422e+00 -1.637594478022518629e+01 -9.327076820658779521e-01 -5.488451142689031670e+00 -9.874889157016287555e+00 3.368839691274070347e+00 1.700513096020792503e+01 3.718278223796594784e+00
2.442349348261933173e+01 -2.339555627762959844e+01 -2.609942482985081824e+01 2.952456682833716872e+00 -2.054390208554829123e+00 4.040868116695113699e+00 -1.021247394794050400e+01 -6.048844000446313096e+00 -3.534122403591313688e+00 1.451745777551087135e+00 -3.261708986792532627e+00 2.579517530314401341e+01 1.611816644676808252e+01
2.468516087352577415e+01 -2.629626957328019188e+01 -2.461842652376411422e+01 4.248920266126106959e+00 -4.127501668774549159e+00 2.431252419408184817e+00 -2.470189101194447456e+00 -6.437019706833565280e+00 -9.981843572864487868e+00 3.062635316323555124e+00 5.858657348707523305e+00 1.647050075222125898e+01 1.870405126366742010e+01
2.499660313016486057e+01 -3.096447336495626601e+01 -2.437645417800434799e+01 3.003109679071697347e+00 -9.892773341959003375e+00 2.773140758784266025e-01 -2.796698835999958721e+00 -4.250689149722147953e+00 -5.657990809745363947e+00 7.570274311726390870e+00 2.946458890078046178e+00 1.654991779201359847e+01 1.610614459229771356e+01
2.494937630369239301e+01 -3.702663412254446484e+01 -3.028372857917855399e+01 3.382963302355792568e+00 -2.688148962882989768e+00 1.319857889267721873e+01 6.877043663164132958e+00 1.368326904861150384e+00 -4.330140712502761335e-01 1.022865607737066806e+00 -4.147592652042304984e+00 9.815837014755377510e+00 1.977731444872537026e+01
2.504578960123417275e+01 -3.018647136140952725e+01 -2.138228459422154515e+01 4.681261497924722015e+00 -1.478343833746891178e+01 1.106137132188326655e+00 1.263148642812671341e+01 -7.225714865988887681e+00 -2.286082241753386057e+01 7.394653707343625371e+00 9.967028523867808021e-01 7.431151193407730560e+00 4.919555220403203144e+00
2.508917740088192261e+01 -3.499294393428363747e+01 -2.690916431221438998e+01 1.471357151633607918e+00 -4.689966774334470401e+00 7.958523187975827362e+00 1.032273475926839446e+01 -1.616742094639583405e+00 -2.345473261689836519e+01 7.894819095599053149e+00 9.388100459593273328e+00 1.231061574529191915e+01 1.612679547731738339e+01
2.496655289444449721e+01 -2.940599470040588059e+01 -2.537319229020743805e+01 3.513746342579615156e+00 1.341562483883891543e+00 7.381356901096117085e+00 8.423812737795609573e-01 -2.031724254055085055e+00 -1.340094301602913518e+01 4.183331079604468705e+00 3.849305702002096125e-02 1.245443300504778250e+01 1.391542475530938283e+01
2.492014721765842822e+01 -3.715089002173402122e+01 -3.293799336146607715e+01 -4.639653063318319504e+00 -2.799631519528908541e+00 -4.562738379750864159e-01 -1.034991553732277403e+01 -5.530513562016399653e+00 -4.564251519171086180e+00 4.779860324081565359e+00 -1.238198716206691419e+00 1.887890006640646234e+01 1.420811473924481838e+01
2.491444294308238483e+01 -2.986173117062222460e+01 -2.470971571606216699e+01 2.474257481043812934e+00 -8.917069287892578799e+00 -5.504251492178381611e+00 -3.191296676835779778e+00 4.759044411219488069e+00 -1.091245314320061155e+01 3.360812329195013604e+00 1.960820913028205270e+00 1.283575380269031641e+01 1.353363199145397999e+01
2.508650028763716833e+01 -3.188167791795349615e+01 -2.077868408157236146e+01 8.457301865946609709e+00 -5.373807358281137425e+00 -7.704526459606702460e+00 -1.145275235614769116e+01 1.916354319775337212e+00 4.964069153170462378e+00 1.040798461417617204e+01 -1.792890781952234747e+01 1.643709014870687324e-01 1.935295013481797000e+01
2.517516647737887681e+01 -3.685965247298427983e+01 -2.483127014455659420e+01 5.323517822281816692e+00 -7.512109964991036115e+00 -8.382328424919849752e+00 1.196085444934553710e+00 -3.956413921808387135e-01 -2.696111339260971906e+00 1.781542989007132860e+01 -9.603019476963329026e+00 8.388479059785300507e+00 1.747290910179148682e+01
2.501809869706622180e+01 -4.085692271364067096e+01 -3.427956722371009590e+01 -4.210814764477489369e+00 -1.388186472248677461e+01 -1.570965168657217248e+01 -1.557097176203643230e+01 -2.117299257271144697e+01 -2.745249290951964127e+01 -4.148428141086016652e+00 -1.708012601919345741e+01 5.772592025589363018e+00 1.085200457712326738e+01
2.518463255106170706e+01 -4.057451536313388374e+01 -3.341510330043364974e+01 -5.790674007343096008e+00 -1.450118852790294355e+01 -9.079466464848268359e+00 2.658928220720044866e+00 -2.206195545878723852e-01 -9.132105390671039657e+00 1.383018612461351005e+01 -4.400787333222353048e+00 2.533848673854595113e+00 1.412216947212991514e+01
2.504280191549611700e+01 -3.385270096312549981e+01 -2.621139803640773280e+01 6.462816890627885336e+00 4.943826035558496201e+00 5.324879325161980148e+00 -4.300669300246203974e+00 -9.401222101420786403e-01 -9.858922909406301116e+00 -2.912795171281911344e+00 -5.662064712989470117e+00 1.558335876302682088e+01 2.231652489997997080e+01
2.494937469756079906e+01 -3.814038998181906948e+01 -3.457735899447592942e+01 -9.291622920049059431e+00 -6.726551512669674437e+00 1.103013693403032125e+00 -1.448947280571789342e+01 -5.248505319554452875e+00 -9.817695453216277457e+00 -7.108299734889206301e-01 -1.249724451429160865e+01 2.157348372762066813e+00 9.424020121854551846e+00
2.479972746751766266e+01 -2.582894698719705318e+01 -2.355233065144518889e+01 2.018435294421906168e+00 -1.345693333210225218e+00 5.786325267471419842e+00 -1.113703619384741828e+01 -2.666478155930356753e+00 -1.779375947883672593e+00 4.552405873675187120e-01 1.357648989938700979e+00 1.606018297926183180e+01 9.452636459355941767e+00
