2.123954774974238546e+01 -2.299010934778501891e+01 -4.291017354795259564e+01 -1.732206819079430815e+01 2.190514417110487244e+01 -2.511636091897740286e+01 2.031030476778478899e+01 -1.901711705425969612e+01 7.819217735420843418e+00 1.149361460149782133e+01 -3.472415036863678495e+01 3.234062007309259457e+01 -7.928570454191564032e+00
2.085237772177341142e+01 -2.452299233113561883e+01 -4.783213458174380861e+01 -2.755654699800393104e+01 1.380231933551314860e+01 -3.500423428351033550e+01 1.243644839321028606e+01 -3.461541367488487708e+01 -1.043450116319079024e+00 1.393905353376646872e+01 -3.612177634914767310e+01 2.517574048202611436e+01 -4.907328773720172954e+00
2.090092318230891522e+01 -1.150191803352931963e+01 -3.894692761302398765e+01 -1.566681286013951180e+01 3.945737244027184687e+01 -3.096258192635705697e+01 3.938140336082029336e+01 -2.552768704233339392e+01 1.046423676936417024e+01 1.477864886687088841e+01 -4.789034926337987486e+01 2.624587113782030912e+01 -2.230658594507125869e+01
2.128916317202826747e+01 -2.234619987635657523e+01 -4.409457343944235674e+01 -1.842051172818168681e+01 2.186950472989698468e+01 -3.607602189979012053e+01 1.335957207261680324e+01 -1.614818320128463114e+01 1.250744358882919549e+01 1.860528352739800440e+01 -2.170615367289279618e+01 9.823818354596021152e+00 -1.154182400585578527e+01
2.081085350079154850e+01 -1.968463287788417659e+01 -5.012546389602686503e+01 -2.672198871386755670e+01 3.204344727721715458e+01 -5.865151284141259680e+01 3.205655642876644151e+01 -3.468144122262502549e+01 1.581086558716678070e+01 4.151256464955568504e+01 -5.678519160946483169e+01 2.931359448873522311e+01 -4.405751022580397347e+01
2.115172760626649051e+01 -1.957762468787801424e+01 -4.469481602749598892e+01 -2.201490251517772379e+01 2.651274633058778107e+01 -3.655047270264200421e+01 2.616494880512325949e+01 -2.393474326524476226e+01 9.554613246461084231e+00 3.224770188124371373e+01 -3.928673736055647936e+01 1.644305441653880706e+01 -1.972154598905247980e+01
2.149591113212317950e+01 -2.405950862176458926e+01 -4.455897789838979861e+01 -2.316884465400318405e+01 2.174122238041255528e+01 -2.974195268170319295e+01 1.055880166897569516e+01 -3.141009651802608360e+01 7.102494990329026869e+00 1.733212770189134133e+01 -3.658224067273494740e+01 1.761027423535436753e+01 -2.153667908143088283e+01
2.125738583015459326e+01 -2.330478511407472197e+01 -4.967488040254539783e+01 -3.238936663381598891e+01 2.373960413187935004e+01 -4.090268212266358461e+01 9.629040114226539160e+00 -2.989864295308016651e+01 6.769915295795231103e+00 1.344877632020994085e+01 -2.348110961603283542e+01 2.808798560299826264e+01 -6.944961911176712910e+00
2.138783442830870740e+01 -1.861836819203148607e+01 -3.895739248713535119e+01 -9.777410687318059956e+00 4.056821277507747681e+01 -2.506292142976564463e+01 2.147089075129722957e+01 -2.503823415302038313e+01 3.632357006566850455e+00 8.786383818478098462e+00 -2.680407470322155206e+01 1.677143531181692637e+01 -7.741111736017853850e+00
2.154634234450974262e+01 -1.288261301439296069e+01 -3.539431880739714842e+01 -9.427898002850955805e+00 4.227609695106857401e+01 -3.195256583738776968e+01 1.876709081251412670e+01 -2.833778359651357803e+01 1.140358251460183148e+01 1.686203995904566000e+01 -3.893712870583026131e+01 3.095834668089030117e+01 -1.060322503775135061e+01
2.119109903722823773e+01 -2.456678930124226312e+01 -4.577941937796399685e+01 -1.669897007518720500e+01 3.829860593981231887e+01 -2.878920180648912464e+01 1.105428749701447799e+01 -3.341171915109662649e+01 3.464687679213368732e+00 7.088063953379823090e+00 -2.630337939806210912e+01 2.870746692139649525e+01 -1.153251010729694936e+00
2.086066851884138273e+01 -2.492936941526918915e+01 -4.613107929004389263e+01 -1.879011409987290193e+01 3.138543341853943502e+01 -1.502262890038975662e+01 3.472086971028159752e+01 -1.473762588517636019e+01 -5.496603031704259124e+00 -5.795740251408123100e+00 -3.413478803195893363e+01 1.142646750786263787e+01 -1.793748460608646411e+01
2.096054471894292703e+01 -9.113033462556611397e+00 -3.382448188972505676e+01 -1.691620763864754196e+01 3.532882340381707564e+01 -2.935668058192674934e+01 3.161947420716166590e+01 -2.679778209828288027e+01 3.435031288629821211e-01 1.092762338529696109e+01 -2.885481877684705765e+01 3.106619631568883833e+01 -1.598615532841747466e+01
2.075087738353303024e+01 -1.267729054502857444e+01 -3.826114679600908630e+01 -1.593968490621342760e+01 3.931888114871944850e+01 -4.299943204283133724e+01 3.591952446384524222e+01 -3.451319739865991210e+01 -5.659945211674218157e+00 1.142736198158322480e+01 -3.373158586381625668e+01 4.053725024390995202e+01 -2.150058775747369211e+01
2.092867513157834836e+01 -2.531991660961190860e+01 -5.213190264597776746e+01 -2.575080735977456214e+01 2.231919392167527860e+01 -4.315431971575876702e+01 1.363930970454851677e+00 -3.777414608012624342e+01 -1.423301100567956556e+00 1.005215104204563126e+01 -3.189040549803740987e+01 2.149357393870886312e+01 -8.138716331074121513e+00
2.100443819324075534e+01 -1.618258321211747486e+01 -3.873895371741430438e+01 -1.212240008430893923e+01 3.777301534614990430e+01 -2.528797834158917013e+01 1.050238147668578748e+01 -2.041020451566029692e+01 1.685038968221495637e+01 1.295313889541711205e+01 -2.610110951748865560e+01 -2.441827597096242197e+00 -2.078295413710790740e+01
2.083959641256021911e+01 -1.287177249825969660e+01 -3.700067317513884291e+01 -1.536640984540813371e+01 3.318267280605643066e+01 -3.741441686423228674e+01 1.970661028851834473e+01 -1.858136694485797946e+01 1.300564735678086059e+01 1.299032504381874631e+01 -2.093905676162980711e+01 5.631507580821772052e+00 -1.038484127778173693e+01
2.156636694144506095e+01 -2.297930832149701885e+01 -4.750508474844805562e+01 -2.678294415577743948e+01 2.427320726420896335e+01 -3.189662124711918878e+01 1.197005327956538023e+00 -3.228683797294203117e+01 2.542481994751705887e+00 -1.621923101073227569e+00 -1.955348968669196452e+01 3.341715496712754696e+00 -5.362012562638420299e+00
2.125247948506505224e+01 -1.223478681580489358e+01 -3.297410140890831798e+01 -1.261501147531668998e+01 4.513722461265751207e+01 -2.204636641789356588e+01 1.832443740470213100e+01 -2.795114677756199129e+01 4.950090281069766895e+00 1.480790230267803986e+00 -2.007381682870695983e+01 -1.028699840276817490e+00 -1.224458373502387509e+01
2.111652685016244746e+01 -1.456225493009863037e+01 -3.566063452921589771e+01 -1.435455956054379101e+01 3.986603452183257446e+01 -3.019451492679606019e+01 1.424324496720142186e+01 -3.097508272024823128e+01 7.158343710774274449e+00 1.220185474272591541e+01 -1.966428152899543846e+01 1.409506669413621793e+01 -3.428227518874902735e+00
2.162806553735772042e+01 -2.006946287599270207e+01 -4.614652555354726360e+01 -2.025313977519891750e+01 4.485907539914695974e+01 -2.776507443949038390e+01 2.067155185172466503e+01 -4.123903795440418918e+01 6.874354087162713789e+00 2.158279038868496613e+01 -3.757926103128612283e+01 4.418902395974818376e+00 -1.835823419043332194e+01
2.126487867393939979e+01 -1.992180401393886413e+01 -4.890062141229079629e+01 -2.945835265967146555e+01 3.275342387382330855e+01 -3.913537840232012854e+01 7.988402859417705670e+00 -5.182977594015125078e+01 -3.926530835914604500e-01 1.106685127266719171e+01 -4.331384972939086708e+01 -2.798781693682483862e+00 -8.143866985204875064e+00
2.127886007917372524e+01 -1.398239937092139051e+01 -4.114696458637403964e+01 -1.775031129940093066e+01 3.670148773591497360e+01 -2.978337049663134550e+01 1.876822609665477515e+01 -2.686244093471444927e+01 2.592849691764009368e+00 7.751907773231198284e+00 -1.785463654408457401e+01 2.017090921658866520e+01 4.448687025652730220e+00
2.119269206989494947e+01 -1.950280751120494216e+01 -4.607095457290268570e+01 -2.648003838443478486e+01 3.518191200843953936e+01 -3.450702408064385196e+01 9.086808962124909073e+00 -5.179877372798382140e+01 -1.814569033006522858e+01 -2.473539997143870739e+00 -1.962888318798659526e+01 2.684732495547913800e+01 -3.279347599601578622e+00
2.083637550796826332e+01 -2.392998892325256577e+01 -4.511669756883399884e+01 -2.333929353285706654e+01 2.515912168388920378e+01 -2.104209580158181581e+01 1.012320441184724906e+01 -3.883642621360519342e+01 -2.647177445368461335e+01 -1.292373765918411266e+01 -1.373565455556285109e+01 1.386522982864919706e+00 -5.336467073808536243e-01
2.140880078390810226e+01 -2.002372800654324791e+01 -4.007861464921903405e+01 -1.116638885000597448e+01 3.816419652525797090e+01 -1.580675885471148945e+01 2.404193685041231632e+01 -3.338975393924084756e+01 -7.076213006721052245e+00 1.381822870120244851e+01 -2.257577026730451308e+01 3.062834576270882536e+01 -3.290896898178370389e+00
2.137455340291452188e+01 -2.002939242980809453e+01 -4.366380046560887251e+01 -2.184932424779058024e+01 2.870452045499227367e+01 -3.221883057861899857e+01 1.329028448001121099e+01 -4.378523614504194938e+01 -1.256728624082709445e+01 4.355022804564759653e+00 -2.966815242253072782e+01 2.054677869221830022e+01 -1.364337888033540835e+01
2.112727109107676071e+01 -2.240045413710660682e+01 -4.924545263399792816e+01 -2.450720554689594977e+01 2.515771115226579724e+01 -3.873643947364979567e+01 1.875874195975828940e+01 -3.098875247435840663e+01 -1.351720711661655905e+01 -1.850564024570200772e+01 -3.680693693244249687e+01 1.335912246276983950e+01 -9.469047885630107686e+00
2.161199872208215567e+01 -1.886755656438799633e+01 -4.111633964577868028e+01 -1.755985897315732913e+01 3.780270257726080985e+01 -3.703417163558146541e+01 2.208504330752513312e+01 -2.490631386562816374e+01 1.118694122996761209e+01 9.353884364799771589e+00 -3.146032943851972519e+01 3.976798374399790248e+01 -1.192192410500993383e+01
2.164963723276245844e+01 -2.091512927830473956e+01 -4.434191345225148240e+01 -2.693776103799368116e+01 3.954991446449199799e+01 -2.977554487657099358e+01 1.232964493231969527e+01 -3.120685785342651286e+01 2.491456191126300723e+01 1.013505680826524546e+01 -3.962074432490671683e+01 2.428426664370093135e+01 -5.153777569006307679e+00
2.164435087446392814e+01 -2.046485623013305499e+01 -4.613765879811460024e+01 -1.425881264908312396e+01 4.150313498460820227e+01 -4.404820256388622823e+01 4.104083956077855788e+01 -2.532722510321043430e+01 4.850128130133958493e+00 1.963302476320122025e+01 -5.714774203494484794e+01 3.654285779876259710e+01 -2.335022060321009363e+01
2.113396909137790303e+01 -2.262974687899465920e+01 -3.727285222222182171e+01 -1.194981844541973892e+01 2.479715540525856809e+01 -1.766164836000901062e+01 2.567615685651118085e+01 -1.932876635590864822e+01 8.153417262873889015e+00 1.982784558728477364e+01 -2.037694695818379387e+01 1.337186139994948775e+01 -8.994049890376619061e+00
2.068927453405165195e+01 -1.730685033465618261e+01 -2.983444357800379620e+01 -8.133298203843610352e+00 2.497188772089937459e+01 -1.883064221620001177e+01 2.231449101204669816e+01 -2.428523379148065686e+01 -1.314534916630725414e+00 1.413896082170318635e+01 -2.494306904353074472e+01 1.906163947696272132e+01 -3.322264274746959511e+00
2.159917023537919434e+01 -2.544205783315404901e+01 -4.767230775119760722e+01 -1.279931474034977512e+01 2.996094468546098000e+01 -2.815053732493492333e+01 2.389126797987615092e+01 -1.476854970166339420e+01 -2.694478104277894248e-01 4.583585908896155026e+00 -2.668918490206149485e+01 4.258352946319675425e+01 6.641767952842397849e-01
2.175920460553676961e+01 -1.777891169484354705e+01 -4.188318100709705050e+01 -1.523340154105811628e+01 3.352296544126785705e+01 -3.184808892396297253e+01 2.986498948660817376e+01 -1.277000904806399184e+01 2.434579121299195403e+00 -4.126569353606344137e+00 -3.669992703699301018e+01 3.040517426116375432e+01 -8.285262130219168242e+00
2.144481509499010485e+01 -1.824377743937103347e+01 -3.343182105614051380e+01 -7.477764144434694948e+00 3.161836508226695130e+01 -2.409170088169948443e+01 2.274758858615402346e+01 -1.071965288075040768e+01 5.594976442315540144e-01 -1.173732864746886762e+01 -2.712831079689813762e+01 2.804743715405116689e+01 5.253745732022850667e+00
2.163624359821484688e+01 -2.152856598922009468e+01 -4.561309588933900017e+01 -1.963710498618728906e+01 3.351931764123182234e+01 -2.507570427636230193e+01 2.449562756843758393e+01 -1.317491287269807643e+01 5.742853831149079546e+00 1.136972632567593955e+00 -1.274115195680114354e+01 3.548044030507473678e+01 -3.338911394435304381e-01
2.152759364909609374e+01 -1.738438599318925171e+01 -4.310618999303499521e+01 -1.972393968621582871e+01 4.082211757763867865e+01 -2.837121782627419364e+01 2.121488992079831704e+01 -2.333462043377617334e+01 -2.143199908510925678e+00 -1.240053506770912684e+01 -2.502219924858874478e+01 3.686985132807284060e+01 1.419710034884076322e+00
2.118111094165293906e+01 -1.926832491563501293e+01 -3.656857543625257989e+01 -9.882979075146550940e+00 4.088141594926806732e+01 -2.040027312811785620e+01 1.743629057689529205e+01 -2.666349114293155864e+01 4.958853646865000186e+00 2.368029707316083865e+00 -2.779162781188775000e+01 2.507560927364820813e+01 -9.051491372533865487e+00
2.164709547659524702e+01 -2.099466570245163410e+01 -4.321562645224293675e+01 -1.496101515638449797e+01 4.045401813146956727e+01 -3.071328683339904941e+01 1.018817617560125477e+01 -2.967973357681926316e+01 1.607722734655011010e+01 1.397911873608324562e+01 -4.194951112011273864e+01 1.930714360470789259e+01 -1.242362991143154716e+01
2.102467331203168044e+01 -1.499433683392021344e+01 -3.650895691072946647e+01 -7.717021962753299213e+00 4.685583469918271504e+01 -3.020147008685868073e+01 1.454772697845251628e+01 -1.981062156869583291e+01 2.344069938124564345e+01 1.656916498752658029e+01 -2.475027855410561628e+01 1.216650183313392475e+01 -1.729020153059320819e+01
2.118110448543282232e+01 -2.622570781147183183e+01 -4.730595618427483373e+01 -1.280400950809696958e+01 2.546037688240012287e+01 -2.664069795415928610e+01 2.145890618703955255e+00 -2.877894131736846717e+01 -6.363955849591079961e+00 8.979550891139107538e-01 -2.367894366352628666e+01 1.539922663796815883e+01 -8.252790509484890791e+00
2.111298996070930656e+01 -2.347892432000831420e+01 -4.442006127837503016e+01 -2.071497367848170157e+01 1.594096607637663965e+01 -3.693407189780787547e+01 1.191273789894935042e+01 -2.174539250393583600e+01 -3.391554831875725373e+00 -2.938583033247078813e+00 -4.781697016455810711e+01 2.506300553221908700e+01 -1.831378256593450971e+01
2.063477317216679907e+01 -2.415416142060360372e+01 -4.116217617225245107e+01 -2.127482337307950999e+01 9.394023708579346987e+00 -4.152415229433286470e+01 1.206486904444445152e+01 -2.588220355797806960e+01 9.036599877494811750e+00 1.831432427640623928e+01 -4.187930704084075018e+01 2.279358471861312552e+01 -1.055605594823453153e+01
2.142526182992336459e+01 -1.873290492516026262e+01 -4.060901790402041911e+01 -1.365696099304635069e+01 3.438680544299332098e+01 -3.849954104831434876e+01 1.514740807408668211e+01 -2.674089038190478007e+01 1.033167589244307116e+01 2.027321136064973928e+01 -2.645871532377129398e+01 1.908385073645934682e+01 -1.036005948602906379e+01
2.113056649311539203e+01 -2.650183339033881680e+01 -4.640189989453755715e+01 -2.519900766013315518e+01 2.089551536214537819e+01 -2.947686608758352733e+01 1.081468914083336053e+01 -1.313680014181199063e+01 2.244932714495935500e+01 1.310803705234922845e+00 -1.856845061053753554e+01 1.986072931280892107e+01 -2.553421509754580487e+00
2.116704752157072278e+01 -1.625364808718403253e+01 -3.473234545499037296e+01 -9.016936532344795197e+00 3.020113944958922048e+01 -2.629331861669337655e+01 2.559463201244927077e+01 -1.933817309509636218e+01 1.221077300678847344e+00 8.547123525208377259e+00 -2.799567175641865902e+01 3.632421292972269100e+01 -4.414785197527373861e-01
2.159228663517126634e+01 -2.455589402194856419e+01 -4.602573824324971952e+01 -1.895109204279441428e+01 3.562771889145356141e+01 -2.763795516686271725e+01 2.046363832033091867e+01 -2.546952820270199780e+01 1.713027641115774768e+00 -3.595109709238524243e+00 -3.558422843670850710e+01 2.074257538996999273e+01 -8.126064714483883122e+00
2.165299878734625594e+01 -1.788917730465955813e+01 -3.629002861096278565e+01 -1.084046136211683908e+01 3.930135339232167979e+01 -2.300626282533546885e+01 1.489025784778934103e+01 -1.682364563946265790e+01 1.019294200866386468e+01 -1.569183889269077481e+00 -2.356833850141823561e+01 1.438876224585445840e+01 -3.701761684714008016e+00
2.154702882692460264e+01 -2.219425763184162292e+01 -3.958871314613286074e+01 -1.251567955554390643e+01 3.460790638540177611e+01 -2.092111068171378463e+01 9.817716164635337250e+00 -1.923594532604774443e+01 1.390550407895553953e+01 -5.391338383024398828e-01 -2.184959161724160026e+01 1.396997610393470879e+01 -6.922301465360580330e+00
2.164433857783907200e+01 -1.998621521151779490e+01 -3.910249459434943731e+01 -9.474010767117249543e+00 4.806128115232304765e+01 -2.862080451171673090e+01 6.190653539429279206e+00 -3.120615258857618457e+01 1.739556498223052472e+01 1.760810238506853764e+01 -1.924953732877611046e+01 1.410530517207722845e+01 -1.465173828858607408e+01
2.146141391958141043e+01 -1.818754893171385234e+01 -4.113702090019647528e+01 -1.232666327019494368e+01 4.216749093064169074e+01 -3.466359248476600641e+01 1.641429735354012465e+01 -1.941945461607917167e+01 1.200203362366284487e+01 3.171809112124751806e+00 -2.494704856296126749e+01 1.327324652205932765e+01 -1.245171786984476014e+01
2.147966157712838964e+01 -2.035739672568818648e+01 -3.950147804880477054e+01 -1.202975007494456960e+01 2.966140329069859405e+01 -2.852587455898719426e+01 1.314427387978844308e+01 -1.595752276556460991e+01 5.569005136237050735e+00 2.384540111761450198e+00 -2.346228116811178666e+01 2.484943757597916658e+01 -4.477232105072423529e+00
2.111089790443489633e+01 -2.800324219965838424e+01 -4.977808615315215945e+01 -3.380118381713006670e+01 1.522152710811368337e+01 -4.507948192850540892e+01 1.268422037280639536e+01 -2.064640802750918525e+01 5.352991776001375435e+00 2.343360339366154843e+00 -1.849161891920175904e+01 2.028550932428527531e+01 -1.307486948331208865e+01
2.104664884569336536e+01 -1.154090006492329401e+01 -3.670825742405561698e+01 -1.528340623966497525e+01 4.059008544455902268e+01 -3.230206451559929093e+01 3.589418423793854629e+01 -1.849671065356106681e+01 4.133284588770020918e+00 -7.625484289496506918e-01 -3.753729115661190718e+01 2.215832402476242891e+01 -1.148613057772591795e+01
2.144887390348097256e+01 -1.888860112961512527e+01 -3.795943103441177158e+01 -1.449858697140343189e+01 2.412354066950497966e+01 -1.814305420301668548e+01 1.651436551416882992e+01 -2.142981626737915590e+01 4.181793753032893690e+00 1.702546249128378264e+01 -2.387974951255609923e+01 1.031986612287048644e+01 -1.562876609867366717e+01
2.117546228371009320e+01 -2.516044980877354575e+01 -5.053058965675471370e+01 -3.412436428105727515e+01 1.390508794034033535e+01 -3.887797428762250007e+01 7.473876271670524929e+00 -4.004718673674546636e+01 -6.437948650249954774e+00 6.464572444906538706e+00 -3.214258975141132169e+01 -2.944691979367409562e+00 -1.943865408948853002e+01
2.094542706268025611e+01 -1.481891945037274816e+01 -3.293676534145072310e+01 -1.464362720184154654e+01 2.740263746635838871e+01 -1.487126442789638858e+01 1.966061023897515625e+01 -1.243202217011293520e+01 9.139316384337190513e+00 -4.828288524702379014e+00 -1.442106640951766749e+01 3.024696681254890329e+00 -1.006537788824246071e+01
2.144973007616586358e+01 -1.545178287527522620e+01 -3.792722354187585410e+01 -1.786204067907866744e+01 2.828978173363639215e+01 -1.665146025813240982e+01 1.384699595016915552e+01 -2.166559817313440917e+01 8.677574804121871210e+00 5.729679021094561620e+00 -2.593297030455016383e+01 2.264954160665595495e+01 1.129577505481836663e+00
2.105007227607322662e+01 -2.214306352567993130e+01 -5.117274284596238942e+01 -3.346135472344295891e+01 2.606916017096206417e+01 -2.776885638958999891e+01 2.846193613878526563e+01 -1.995427017749339882e+01 1.575306701429423306e+01 6.003518450268066076e+00 -2.813835658170550147e+01 2.633854819857094753e+01 5.518184418601459473e-01
2.126663351738703156e+01 -1.646725787544816910e+01 -3.510218150338020848e+01 -9.659589755644907072e+00 3.003996196255581808e+01 -1.490391450747716817e+01 1.396881605179436647e+01 -1.521352919051371444e+01 -8.489994005826538848e-01 -9.497585973848624574e-01 -1.185686082331466196e+01 1.702841499705972694e+01 -4.545742593923441932e-01
2.159690759733217291e+01 -1.688408622718419494e+01 -4.373801389991979960e+01 -2.137874173719725945e+01 4.364894499094290836e+01 -3.103311268199021455e+01 2.860541542318353336e+01 -2.465482398776446260e+01 4.497161464184755708e+00 9.294901390312123590e-01 -3.137350182166192525e+01 2.597622890917612182e+01 -5.811266301221248654e+00
2.137746001993223999e+01 -1.570374942813351637e+01 -3.882065784200622005e+01 -1.903014590657149441e+01 3.667467656153411326e+01 -2.607890019571776818e+01 2.751862994728050893e+01 -1.395540635472984192e+01 7.328218311693701637e+00 -5.313872955350277261e-01 -1.799688378007825662e+01 1.834567523917046117e+01 -7.659111301995496390e+00
2.128869139496064733e+01 -2.555691518926347428e+01 -4.469765970473315519e+01 -2.005520952980860727e+01 1.618142697182551970e+01 -2.016636668703563018e+01 1.814271627740277992e+01 -1.815683493853864405e+01 -2.058976723324834612e+00 4.614504154048320927e+00 -2.629140715090256819e+01 5.118862157023517767e+00 -1.569600446958454931e+01
2.134976776226348250e+01 -2.652761181481706743e+01 -5.048266088653404182e+01 -3.574746639472279242e+01 1.974439531858190833e+01 -4.443720331092362130e+01 1.882544457919108893e+01 -4.642998708388488893e+01 -1.114295801585073953e+01 7.337449572109245644e+00 -3.559672665536896830e+01 1.033051701006650092e+01 -2.603518914141325880e+01
2.114492928632568081e+01 -1.235556024610386672e+01 -3.225517129194324184e+01 -1.281961921888041900e+01 3.606416017868056656e+01 -2.756551165628709299e+01 3.456153992758991222e+01 -2.575145425543146516e+01 -6.085042501766395162e+00 1.283625933260799812e+01 -2.667502894149188108e+01 2.250811072346544250e+01 -2.166333026520484140e+01
2.170407865414079041e+01 -1.699759712608873485e+01 -3.919049507184317349e+01 -2.009677641761257405e+01 2.825023152663150938e+01 -2.644257077473167783e+01 1.490598405604352195e+01 -3.234120388754161723e+01 3.157287983277142995e+00 1.998499068648445842e+01 -2.684578235412268299e+01 1.855688157693233364e+01 -1.725179433873891455e+01
2.183751012060193375e+01 -1.891461023469036107e+01 -4.272485529322677422e+01 -3.035751239580948280e+01 2.158025005698068455e+01 -3.397052084758385604e+01 1.517384356743798257e+01 -3.719139730227949059e+01 -1.840964564724391517e+00 1.143726322777816051e+01 -2.343082666772535561e+01 -3.280688730716932788e+00 -2.406029603376479642e+01
2.132520072098008868e+01 -1.435882309922043554e+01 -3.781739345031181188e+01 -1.326810004058481596e+01 3.812234103506283134e+01 -4.196021582583758658e+01 2.746285964193793205e+01 -2.821634294898945683e+01 1.127199127062524830e+01 3.025031946683579775e+01 -3.546291831440434095e+01 1.012772179419041230e+01 -2.661506683459721501e+01
2.149172460336521340e+01 -2.586627862982084380e+01 -4.146073877780673200e+01 -9.773413330128178700e+00 2.086825283768833472e+01 -3.852049146436156946e+01 7.444512752212952833e+00 -1.161123469793157881e+01 2.434473760016491539e+01 2.922461990834725398e+01 -2.419841626746699248e+01 3.363903422923279152e+00 -2.924638905958132895e+01
2.139519125268394717e+01 -1.067264357869276381e+01 -3.595254488082195365e+01 -1.090077792394777845e+01 4.185253808100945605e+01 -6.081183114405371981e+01 2.913572320613259947e+01 -2.585086175481521664e+01 1.445946031948099986e+01 3.506706104951760494e+01 -4.304720906123147017e+01 2.948678360459328829e+01 -3.469256787807263009e+01
2.117731142006229561e+01 -1.575905656621368323e+01 -3.507993023178959646e+01 -8.542526086934893570e+00 2.590164141214334848e+01 -3.734627566572258672e+01 1.235893284235730505e+01 -1.293235867164121267e+01 1.422605076906730481e+01 1.724080786040672564e+01 -2.578469787040945604e+01 1.956904997884377195e+01 -1.489131571275273203e+01
2.111409581177352379e+01 -1.908825635317615266e+01 -4.242414753062654142e+01 -2.007298470898686915e+01 2.142639490185294804e+01 -4.272609333560448874e+01 2.233464904454119093e+01 -1.664965895673725527e+01 1.021421870461719905e+01 1.103928211642341672e+01 -4.357446043471640706e+01 2.916044781634413141e+01 -1.653014352956507338e+01
2.119527645717169761e+01 -1.598904845759321525e+01 -3.177404435610903732e+01 -1.099841897942871682e+01 3.241589074980230833e+01 -2.258885742640986649e+01 1.370421070962998300e+01 -2.001940256707169041e+01 1.760765713961616541e+01 1.075085288733117572e+01 -2.727399139095436453e+01 1.332203740624117572e+01 -9.345965415209784410e+00
2.142803658062849337e+01 -8.981957930713189597e+00 -3.524117521209167592e+01 -1.056053633467623243e+01 4.495678892474068533e+01 -3.349304095855708852e+01 1.412339849751181120e+01 -3.143155576481447966e+01 1.239258087641161410e+01 1.845457665986672779e+01 -2.703298879453279469e+01 1.992220981025120352e+01 -6.142591081348997228e+00
2.184473246840616412e+01 -1.425920377301641473e+01 -5.023431387046871066e+01 -2.673301953546933518e+01 5.059786648201057346e+01 -5.870694160542597473e+01 1.529612984435850187e+01 -3.795789472133016318e+01 1.702822528780075118e+01 2.737826098169389866e+01 -3.663771057584862234e+01 1.447478962870154717e+01 -1.926848811788992677e+01
2.135804999015303451e+01 -2.011311219648057858e+01 -3.923498059883925038e+01 -1.220316247252187480e+01 3.384012303534784394e+01 -2.039742859219793658e+01 4.504030657034824081e+00 -1.478349960051936662e+01 1.363344481151218268e+01 1.141904818353003392e+01 -6.556560134567756215e+00 -4.431715510856475859e+00 -1.221815938579711869e+01
2.144403980837019219e+01 -2.250270304652241293e+01 -3.208045134858509329e+01 -5.918842809014750905e+00 1.770489024070467110e+01 -2.601277646164301771e+01 1.264235700758629122e+01 -1.011683027013375025e+01 5.962998133118329491e+00 8.327742143860589863e+00 -2.350993408209873436e+01 1.633193130822189332e+01 -1.792101554048133494e+01
2.127688115327427809e+01 -1.907112970238573624e+01 -3.122389446125709256e+01 -6.795597898474873055e+00 2.821818869989860801e+01 -3.226366739742625356e+01 1.972886675221460706e+01 -1.650722120757629341e+01 5.068985158488743537e+00 6.152234696110191692e+00 -2.024684735076755615e+01 2.654969210923296430e+01 -1.896240370484206750e+01
2.120768118415109527e+01 -2.632943373479981020e+01 -3.985493994721169742e+01 -1.434572648828120656e+01 2.138265824445119634e+01 -2.831510941025148753e+01 1.834479859607457541e+01 -1.725609517501289503e+01 7.233056932231579639e-02 -5.489371135887794573e+00 -3.210206201732703590e+01 4.111400681073770436e+00 -1.672470023366523506e+01
2.148272763894004811e+01 -1.393959704170424807e+01 -3.331468515777672934e+01 -9.299460523506631660e+00 3.010618974453947416e+01 -2.155960768258217541e+01 1.603966133563446661e+01 -2.447988782518115869e+01 4.846187972354651485e+00 1.589578189525604124e+01 -1.955921021884993038e+01 8.207508187410422096e+00 -9.605984329756594775e+00
2.089835494140602634e+01 -1.752602084143726557e+01 -4.077925517170223202e+01 -2.480906599556849201e+01 2.443274266053069255e+01 -2.768568031771573601e+01 2.671394038492747214e+01 -3.727502500811742436e+01 -3.462486679573260950e+00 1.926269242076394761e+01 -3.532119480599303785e+01 4.455876206525151595e+00 -1.994641371930397611e+01
2.125541033994315043e+01 -1.619248630894878715e+01 -4.047465495032947302e+01 -9.938661001525723293e+00 3.666828938583978470e+01 -4.419106709082522144e+01 3.046190937484671224e+01 -2.466623406670035124e+01 2.288725190336806214e+00 2.810483733580077370e+01 -4.589171233779679682e+01 4.288624630429174545e+01 -2.756443430525039062e+01
2.141752212590467153e+01 -1.691868533794234963e+01 -4.228582686485923858e+01 -1.615325343106335865e+01 3.464720207542175245e+01 -4.605311478194374786e+01 2.825460860706025557e+01 -2.098726434089632420e+01 5.310827427056080019e+00 2.238377282779935484e+01 -3.952126466520215331e+01 2.986357418292002919e+01 -1.669374861055973014e+01
2.108014654543891808e+01 -2.476621645176456710e+01 -3.750474269348440259e+01 -1.611399291365902897e+01 1.533822256826645969e+01 -2.629093809913048574e+01 8.927897937970838527e+00 -1.289378727952151849e+01 4.423880249716872548e+00 2.035723621479248013e+00 -8.251677365687489996e+00 2.185193929860094286e+01 -3.688571112837423005e+00
2.154565684173464746e+01 -1.563064757360240087e+01 -3.526906911834111469e+01 -4.546707629980451415e+00 3.965388687068127638e+01 -3.191419389151599262e+01 2.070832653950614244e+01 -3.446953390646144300e+01 -8.549579685391652806e-01 2.679344740595512775e+01 -3.406535016736341959e+01 3.068107568095201998e+01 -1.246216213391580041e+01
2.163969079925390560e+01 -2.277098429829186799e+01 -4.035012401881000699e+01 -1.062444334372392341e+01 3.712984704881566955e+01 -3.169300684438510629e+01 1.191241114257060474e+01 -2.642162046175076995e+01 1.493234429265134366e+01 1.936019564025380646e+01 -2.635428658176700623e+01 9.673153746942837472e+00 -1.147495381458676533e+01
2.123629854299794317e+01 -1.884896244076833227e+01 -3.357436443130084314e+01 -5.777266170259777844e+00 3.656835123483041627e+01 -3.099688435276191356e+01 1.320260815604021865e+01 -3.222004422356684472e+01 8.878907769709980524e-01 2.117729137844153797e+01 -1.700226723650535732e+01 2.358709056276674687e+01 -1.219204489988162265e+01
2.150396960633686305e+01 -2.284231611847352639e+01 -4.641540348364279112e+01 -2.022540330678636167e+01 3.203715775069700555e+01 -2.712274436587021853e+01 1.837164963221790615e+01 -2.347830921996151332e+01 9.943403818546226347e+00 1.018781138786459906e+01 -3.541816897219274551e+01 2.178845503638131476e+01 -1.498206211323780623e+00
2.087357220347232456e+01 -2.150572491365454297e+01 -4.389126655757046080e+01 -2.579936350499973230e+01 2.208185527470788756e+01 -3.036483069952382152e+01 1.757638283395506562e+01 -1.717678307957455530e+01 6.074224207228132499e+00 1.558411517535737145e+00 -1.787709367259477133e+01 1.333922327298695798e+01 -2.749689032168966651e+00
2.074922888249881936e+01 -2.301196900075110463e+01 -3.830851803601708383e+01 -1.397791486937259009e+01 2.206537749401483595e+01 -1.732483580395332368e+01 2.773403780870645363e+01 -8.401339706004032237e+00 -1.463464383436510863e+00 -3.906338702366037197e+00 -2.684449612192117485e+01 3.002981693192100465e+01 -9.350873068710873426e+00
2.127260744741331422e+01 -1.868283791059175414e+01 -4.450968600179010082e+01 -2.754781331455833282e+01 2.368817195278525389e+01 -4.195293131305376733e+01 3.275773662602689740e+01 -2.277795521811918888e+01 -2.729915989301063384e+00 3.879803440979797013e+00 -2.572926497706968618e+01 5.211369197948415888e+01 -2.944883573654157161e+01
2.106413537992259322e+01 -1.969873827370526342e+01 -4.361648118512448491e+01 -2.639113897937378184e+01 2.454269635629070478e+01 -3.143390626385700770e+01 2.943682852893932989e+01 -1.331302219823350619e+01 9.288689657464995975e+00 9.955052267128413845e+00 -1.820350455418951796e+01 2.194134241817041797e+01 -2.507990406210222289e+01
2.098907671722054857e+01 -2.092053138246912880e+01 -4.426491678105765004e+01 -1.864721321633440709e+01 2.486455405666045237e+01 -3.693864138867248670e+01 1.340799020384995721e+01 -2.239904378054453460e+01 8.645025413788969715e+00 1.423531154034987090e+01 -3.088470781077737470e+01 1.844446851561428247e+01 -1.973870408540427235e+01
2.130476814155533916e+01 -1.529334450397101186e+01 -4.092149164427811314e+01 -1.687204040149003959e+01 3.457176320168670713e+01 -4.136853837360978758e+01 1.731058944535007882e+01 -3.378746576525018241e+01 1.084126379636092530e+01 2.605832549076364657e+01 -5.053770731412701167e+01 2.473150851893741731e+01 -2.028646300153864956e+01
2.107684726638975192e+01 -2.213988868253656150e+01 -4.755906116765700631e+01 -2.667653409587153845e+01 1.958996244540344023e+01 -4.796558671134837937e+01 2.163089392796120780e+00 -3.929851498410311450e+01 7.358978200142628490e-01 4.715509466154842677e+00 -4.253471140852482080e+01 6.594236969768248358e+00 -1.615214260510325417e+01
2.144086011960004257e+01 -1.583308676678432647e+01 -3.671989444077663478e+01 -6.409550968927971049e+00 3.446666333213039479e+01 -3.216412395307359873e+01 9.001404953100303530e+00 -2.676616564942038323e+01 6.946284673327412840e+00 2.153967487366973543e+01 -2.174831039277895783e+01 1.942159758740527664e+01 -1.225059611242267010e+01
2.148899928523927727e+01 -1.943854787768892223e+01 -4.167639388960139257e+01 -9.800731174638292131e+00 4.469604211272765326e+01 -2.445472456017152751e+01 2.320547181260950964e+01 -2.246163584100444055e+01 8.766007215939506381e+00 2.648771405132284329e+01 -2.941888518435746747e+01 -7.881076701091058734e-01 -1.204669546170862660e+01
2.122682200158993737e+01 -2.287195013503781027e+01 -4.151593220835941622e+01 -9.594782328591007214e+00 4.080126035942273433e+01 -2.418072810893484004e+01 1.408747514693373226e+01 -2.065824030477501694e+01 6.486164136499684041e+00 1.160159926414850773e+01 -2.313864190048500546e+01 -1.236371730496820254e+00 -1.084081196010781234e+01
2.180360220961724593e+01 -1.653579275963927842e+01 -3.290017785715852483e+01 -6.393681548533841408e+00 3.847599270695865670e+01 -2.796172809128971437e+01 1.302772726673181403e+01 -2.705645121652846186e+01 1.461050400187324705e+01 1.556305984852554403e+01 -2.832050462147329384e+01 1.993535908244158605e+01 -4.685163044458463766e+00
2.174904483447184589e+01 -1.597985956048031753e+01 -3.361486393589887456e+01 -4.767696838316167529e+00 4.328592079215030708e+01 -3.440097146063972389e+01 1.109124965012333064e+01 -2.473570300155601842e+01 1.499782224622073379e+01 1.424417322688324106e+01 -2.312594507867003202e+01 1.425601451708749678e+01 -6.824980777125141174e+00
2.162821027468277180e+01 -1.856731873835993341e+01 -3.286846674037739291e+01 -2.313750722091552081e+00 3.639176351184819680e+01 -3.278591353333059999e+01 4.837026154276827583e+00 -1.569274599110263857e+01 1.691886175330591513e+01 7.257881756440717425e+00 -1.603132459992459147e+01 1.502926781313076532e+01 -7.308069674127396276e+00
2.175654503238813930e+01 -2.146783447601878336e+01 -4.098111578725753645e+01 -1.692789543018679410e+01 3.268968228860897796e+01 -3.082528555797053471e+01 -4.455159775266856137e+00 -2.220371980909255427e+01 1.552862267150277198e+01 -3.287384091173733758e+00 -1.313828758408165243e+01 1.730152209297888533e+01 -7.073867522871648550e-01
2.160209228808671611e+01 -1.330515988679254846e+01 -3.525642828414127905e+01 -1.683132870040793350e+01 4.081973477531782635e+01 -3.785448494202788794e+01 9.883943014540145455e+00 -2.281889044511898135e+01 2.170097581332811743e+01 9.220211229964636601e-01 -2.231010422561710982e+01 2.205776893085856472e+01 4.903864041416126085e+00
2.146660607415855893e+01 -1.185371074921196133e+01 -4.465099395472896759e+01 -2.079803979251393642e+01 4.822899289305352966e+01 -4.407185194625435543e+01 3.360481266822629465e+01 -3.142388893049064436e+01 1.939211027565115941e+01 1.880951999957086684e+01 -4.424659216348567270e+01 3.220383590784376793e+01 -9.422859456979075787e+00
2.147156953768077514e+01 -2.112765155534277994e+01 -5.142311112606888202e+01 -3.620060244170471009e+01 3.004499240620155476e+01 -3.198348102132051096e+01 1.759676742808166594e+01 -2.677160606722562974e+01 1.430112087756799788e+01 -2.658774167013190581e+00 -3.444556145493939425e+01 9.408954489716709446e+00 1.787156254057433724e+00
2.135602896948807583e+01 -1.225786160801525959e+01 -4.040808663343963048e+01 -2.001264199295409796e+01 3.996741457504512596e+01 -2.511484732330994518e+01 2.364728702325392362e+01 -2.352705447290199814e+01 9.292923408967100229e+00 6.297379772150739186e+00 -2.871961345084755024e+01 2.108344164323658987e+01 -5.348498754486625817e-01
2.148920929543672642e+01 -2.780977069295176562e+01 -5.340226089400668030e+01 -2.519210190329817678e+01 3.441038963628206915e+01 -2.467524274867104950e+01 1.467526948206321968e+01 -2.334430021766487329e+01 1.030260711511788108e+00 -8.499015913881267537e+00 -2.843241832844442740e+01 1.923551442388223620e+01 5.361896885165926996e+00
2.123438829834545771e+01 -2.537033612653845083e+01 -5.746942745844142308e+01 -2.849016372635235328e+01 4.745297097023761523e+01 -3.499194246639851258e+01 3.195165096827017592e+01 -2.396665649052254210e+01 7.477447762708508527e+00 5.801836116235635998e+00 -2.951834329571387627e+01 3.506455189973105746e+01 -1.516338829934473331e+00
2.128120931188861320e+01 -3.560572095109915125e+01 -5.753530033422568124e+01 -2.806343675528865944e+01 1.233235613506428230e+01 -3.437139916530738759e+01 6.838838035805423488e-01 -3.144275286297928673e+01 -5.264095620156304278e+00 2.758385462575341229e+00 -2.829500512948317237e+01 2.662104079486910990e+01 -1.133994377622060057e+01
2.149084126974656428e+01 -2.704102704808488511e+01 -4.542394502380259524e+01 -1.582347733210548668e+01 3.127902998835588022e+01 -2.961170596057901250e+01 3.163074121606324240e+01 -4.139808538356113843e+01 -1.435974534513548173e+00 3.508155268645141689e+01 -4.565150431130689412e+01 4.160654948988533164e+01 -2.214944670527623671e+01
2.107447215318966371e+01 -2.347070900954608774e+01 -3.451490223193292906e+01 -1.022073209992321452e+01 2.963533646315988790e+01 -1.559913643968578079e+01 2.397552063823620827e+01 -2.813942269227308302e+01 7.031046761917589372e+00 2.145785193842777616e+01 -3.235656638960098519e+01 7.626228706399936996e+00 -1.819818437952915957e+01
2.119286249989055548e+01 -2.101788441467999036e+01 -4.054123905814633133e+01 -1.305304599870721383e+01 3.299508487261712730e+01 -2.710977357632276963e+01 1.413982127509047437e+01 -1.885804119131024592e+01 1.123321004845654336e+01 1.250926845270555532e+01 -2.471755147320302015e+01 8.642440995341679866e+00 -1.482991551697152310e+01
2.147771416671416134e+01 -2.272554695175815809e+01 -4.672776152027108765e+01 -1.630764064329109075e+01 3.683551422044853041e+01 -3.756305597251409267e+01 2.065105119278562995e+01 -1.510074981819991180e+01 1.968395743193497438e+01 2.997301818914446159e+01 -2.447621984670613315e+01 2.461612574945011289e+01 -2.217524770151819880e+01
2.101635617318087768e+01 -1.994701990247546775e+01 -3.977514069266762675e+01 -1.764491021709737950e+01 3.257378867696922242e+01 -2.701431646218583182e+01 1.514539682957885702e+01 -1.498735692805798791e+01 8.972570513871310993e+00 2.646606089317560695e+00 -7.752123500328290895e+00 1.531359387050438237e+01 -1.904407393862227948e+01
2.131988850654092005e+01 -1.659204939586479099e+01 -3.272530240785875577e+01 -6.037186760122242646e+00 2.778604231801099189e+01 -1.509671027017485834e+01 1.609648444770703435e+01 -2.806945859325966453e+01 -7.152453762987448505e-01 1.659243833447050065e+01 -2.279924922105387708e+01 2.550103421672538673e+01 -8.536340678817943228e+00
2.136801964082761529e+01 -2.614291042468145676e+01 -5.270585993157730087e+01 -3.144370696418398836e+01 1.860691251520660217e+01 -3.905047585026028401e+01 1.092780394005928990e+01 -4.008438537974904392e+01 6.491366787669274885e+00 1.776616080460036784e+01 -5.377379667404881758e+01 3.148245405035964950e+01 -1.017350303314251470e+01
2.092780591861080453e+01 -2.433638994605847117e+01 -4.549478830993719214e+01 -2.588934586757931200e+01 1.958167023353101044e+01 -2.274301067964419332e+01 1.496686105504833186e+01 -2.590639989017088496e+01 6.168950319478648581e+00 3.619196391814111458e+00 -3.127964909717222142e+01 1.458336704496064939e+01 8.777204515760280046e+00
2.145058032768034906e+01 -9.390700513846482522e+00 -3.478499467934511102e+01 -1.203389738414917964e+01 4.027743032782149157e+01 -3.440236150418043337e+01 2.847353331412199395e+01 -2.631491110025097768e+01 9.212020819598645716e+00 1.195908629385324140e+01 -4.723217171605856635e+01 4.385483888468544222e+01 -5.291635798914565703e-01
2.138558453845590535e+01 -1.675140198373615519e+01 -3.641409092099982558e+01 -1.584749784434085917e+01 3.711821848106770716e+01 -1.639263754232903381e+01 1.752890804056374563e+01 -2.014187917215588897e+01 1.270781972111920055e+01 -3.735993294797413711e+00 -3.039812585004317569e+01 2.248764615150587076e+01 7.573130096539868461e+00
2.123573843470116529e+01 -2.479899336497659235e+01 -4.309641086972911950e+01 -1.207839239453649682e+01 3.964541387249882831e+01 -1.946428352231621162e+01 2.881914231933743409e+01 -2.680021851288551815e+01 -1.081602737266972536e+00 1.744387951657225377e+00 -4.098167319482340787e+01 2.638835409009037392e+01 -3.667309960811961034e+00
2.144909315263654292e+01 -2.699384244945030886e+01 -4.484991298070634258e+01 -9.638714085689619182e+00 2.653183729060456031e+01 -2.031251399581717365e+01 2.416451588341784884e+01 -1.632471139942308369e+01 6.039817688502222559e+00 2.318831186947315359e+01 -3.809562398644430914e+01 1.854101992176323321e+01 -1.518065886317597801e+01
2.134482632378327338e+01 -2.319150548738946327e+01 -4.115020431109197574e+01 -1.628359531601905275e+01 1.593295591920317378e+01 -3.437715335000449812e+01 1.619594708902546287e+01 -2.453309492162469141e+01 7.273032536646886648e+00 2.521491044506633727e+01 -3.217688873282440198e+01 1.719828439530162711e+01 -4.114976872687430287e+00
2.140599369796909102e+01 -2.694242172446343986e+01 -4.907825598659379551e+01 -2.885612482843589888e+01 1.647762874407830580e+01 -2.963322019695713294e+01 1.844803329882435250e+01 -1.907657761108523076e+01 -6.046967401573198897e-01 -4.000049942883307175e+00 -3.515027608236501067e+01 1.207872980395037388e+01 -6.687505317236926317e+00
2.127222842910423140e+01 -2.245823436036712906e+01 -3.759032330916976150e+01 -1.934075710213084065e+01 2.030190649769861011e+01 -2.257051339367394149e+01 3.548858018051362251e+01 -8.058378729204592972e+00 3.140236392695683332e+00 -6.673466715661412252e+00 -3.381952979740876231e+01 2.376752958993075993e+01 -1.161556551246294333e+01
2.104294040451233627e+01 -1.957662698776259447e+01 -4.171187663987242189e+01 -2.569081769856664366e+01 2.383006724343806937e+01 -3.474153083006230247e+01 3.891125545750550430e+01 -1.973498001414878189e+01 4.521256190404478126e+00 1.297823272438217934e+01 -3.044002919384195138e+01 2.305823183518118213e+01 -1.337731135053510023e+01
2.134741804925191744e+01 -1.658933058372274161e+01 -3.378711120716275929e+01 -8.487823691024949824e+00 2.914121074145831969e+01 -2.105116612053117109e+01 2.241928522077009589e+01 -2.122325722680536941e+01 4.278557287581063129e+00 2.050792102052186650e+01 -2.790652893095617415e+01 1.391095106976739970e+01 -1.319351792198583695e+01
2.141917167284345069e+01 -2.058585661770924702e+01 -3.848276499472611079e+01 -1.102740868863577006e+01 3.678196612443001356e+01 -2.986944370117648617e+01 1.869703848968887172e+01 -3.100380114587585112e+01 1.409896173835588939e+01 2.926203538552835326e+01 -4.555585064800108341e+01 1.961995749630217745e+01 -1.780530926765075606e+01
2.090470803306621050e+01 -3.156067771702067404e+01 -4.573602880992979181e+01 -2.149523825902658558e+01 1.411801815195646448e+01 -2.667805484005412353e+01 1.831899935770261889e+00 -3.406024879348855450e+01 1.858204928432938552e-01 8.960644705978559443e+00 -2.357949169450292359e+01 2.370002114139850846e+01 2.186092577790642810e+00
2.164123444673868235e+01 -2.238730639553395463e+01 -3.808204655298484909e+01 -7.581009749996745484e+00 3.284326549245261617e+01 -1.782933940408739559e+01 2.618443874041408037e+01 -3.060863437283700961e+01 -4.387997777826299628e-02 2.235553655704230636e+01 -4.880117861980441063e+01 3.332215631106957687e+01 -1.004608569222147096e+01
2.120424195622026176e+01 -1.883331795656814478e+01 -4.016134198132539268e+01 -1.183465234812215172e+01 3.994229394240021946e+01 -3.414346226836924814e+01 2.413071219289131975e+01 -3.306459557607726651e+01 6.362951055850109228e+00 2.108341642518932346e+01 -4.722079350997380942e+01 2.711893494406432836e+01 -1.585984252695717167e+01
2.097257591664338605e+01 -2.057459315619119877e+01 -3.642070552278217122e+01 -1.391694010227308098e+01 3.271730427982917888e+01 -2.795440874426073918e+01 2.816570944213812044e+00 -3.092866546987159282e+01 1.496192804793688680e+01 1.598517862065918926e+01 -1.796254568409603536e+01 6.308477171629167657e+00 -4.112653523142068224e+00
2.175761047497149647e+01 -2.782102465266134672e+01 -4.832415877888220024e+01 -1.920283855252799299e+01 3.304455062061234827e+01 -3.467838873937413524e+01 -1.608597865160345419e+00 -3.643101156923097506e+01 5.303074750282650740e+00 7.001956749708839745e+00 -3.154906647058078306e+01 2.503489822529197539e+01 -9.717026368571781703e+00
2.139661484217592502e+01 -1.659163442386828535e+01 -3.426407166679629057e+01 -1.106070724186707999e+01 3.399880625076085039e+01 -2.995272237754121036e+01 1.697498579109163330e+01 -2.610467919784459312e+01 3.909681484742599356e+00 1.527008414924127599e+01 -1.794869486772020295e+01 1.693180482628562800e+01 -1.400317408840652256e+01
2.138587577540982210e+01 -1.655267437701338906e+01 -3.675223942752676720e+01 -9.880937878607673142e+00 3.127383724429202871e+01 -3.554324718816418738e+01 4.152146415269917412e+01 -1.629864384012692469e+01 7.279899581323881819e+00 1.825904340860147457e+01 -5.073385456310649033e+01 3.424972482196796619e+01 -2.817988234773272893e+01
2.138095264352181246e+01 -2.319075142267903189e+01 -4.622366192732020096e+01 -2.355945148197211836e+01 2.048965245806887836e+01 -3.493441683761898986e+01 2.819889993762503977e+01 -1.803259223882558615e+01 5.781770944653684907e+00 1.640828073528459186e+01 -3.699562909107709174e+01 2.208976571676817358e+01 -1.722858963582654113e+01
2.124398169110229517e+01 -1.996045785389457095e+01 -4.054430928059101547e+01 -1.549569549301192950e+01 3.243256816689726207e+01 -3.651940531936579504e+01 3.094426778844820802e+01 -1.299876180129429670e+01 1.027339238318263526e+01 1.226835317553975102e+01 -3.378241398171815746e+01 2.260513348853845628e+01 -2.274897060923160907e+01
2.129950146664960897e+01 -1.089938365778335161e+01 -3.632213373236254483e+01 -1.208695558410726534e+01 3.925327811492936547e+01 -3.582335830197662574e+01 1.938455340623875500e+01 -2.034487430994471069e+01 1.771078437680433737e+01 1.122382844046089900e+01 -3.906585884695578414e+01 2.590609323146183840e+01 -1.531599288296565575e+01
2.132518899215526531e+01 -2.527914698032927632e+01 -4.777009495950571250e+01 -2.438377034299580970e+01 2.689076948771301190e+01 -4.167424380642871284e+01 2.374506962289304024e+00 -2.877274773656812812e+01 1.269716238619874105e+01 7.375222094290778685e+00 -3.166207466596344489e+01 1.004943198714827268e+01 -1.639590479523072020e+01
2.105039581662299497e+01 -1.914821737308179550e+01 -3.732798601017479001e+01 -1.248317085694178985e+01 3.424086620520384372e+01 -2.553824529036787894e+01 8.813283655695340002e+00 -1.701543559406731276e+01 1.513634131337060040e+01 -1.996207216786224148e+00 -2.309418159286710548e+01 1.874490091786730206e+00 -1.118179311338010073e+01
2.167904573026295623e+01 -1.555716140121709401e+01 -4.390028890172108333e+01 -1.655507166777159611e+01 4.142601813936315125e+01 -4.725757757887808452e+01 3.289546103693658097e+01 -2.829078522576589805e+01 7.080075450127475634e+00 2.132942067918623152e+01 -4.546251162364175968e+01 4.189436196924034306e+01 -2.029390551317176872e+01
2.160343812204349945e+01 -2.751943103745874808e+01 -4.853425343390001956e+01 -2.876636967761920616e+01 1.563177304232533871e+01 -4.589517168565458149e+01 5.211671522341581486e+00 -3.012604917117456438e+01 -3.577000779197418101e+00 -3.394350460968726058e+00 -2.407218178636923511e+01 1.792298886649049905e+01 -5.065605426787249677e+00
2.134075952729803660e+01 -2.247339471400625754e+01 -4.157287133481067087e+01 -2.119367008968701427e+01 2.727521077114802850e+01 -3.222739348154713923e+01 2.131905994000186055e+01 -1.807910154043040762e+01 9.409196172919031653e+00 7.382466729568139208e+00 -2.490006443249023249e+01 1.575886881212412582e+01 -1.222722041778180291e+01
2.132119914841313602e+01 -2.144898637991524737e+01 -3.841871217023926022e+01 -1.433081876530902576e+01 2.499581379564665085e+01 -2.886106301651131645e+01 1.882830314655722503e+01 -2.084884918167268353e+01 8.934326520378652603e+00 1.948229713858910017e+01 -2.482263979166401313e+01 3.194914399820294904e+01 -1.863575134245180465e+01
2.120989439060654647e+01 -2.296220597822320997e+01 -3.937711206342123660e+01 -1.827355333525329684e+01 2.376386117574643819e+01 -2.897930100133903153e+01 1.177706370000708525e+01 -3.417372260761449354e+01 -3.546155241927297475e+00 3.346289828331777905e+00 -2.902143059884310006e+01 2.985041130099080675e+01 -1.168263332815288003e+01
2.118534153441847323e+01 -2.186795725745749053e+01 -4.361936397551593103e+01 -1.431078744051308149e+01 3.411569385684361322e+01 -2.253477885622861976e+01 2.369839048630618095e+01 -2.435809268922140802e+01 1.672842845270087198e+00 1.053233898935304680e+01 -2.903841612470376532e+01 2.283631830449908762e+01 -8.863544512791332153e+00
2.134843101042236668e+01 -2.067880401419933989e+01 -4.617840320928662123e+01 -2.493881477922400336e+01 2.627543319905306518e+01 -3.519498819720872262e+01 2.290586000609838635e+01 -1.933105736070752556e+01 2.069660718519944764e-01 -3.512994012959370416e+00 -1.948667548869565636e+01 2.558036603337831139e+01 -1.901519435537222336e+01
2.079466435334123986e+01 -1.920484955182794806e+01 -4.244798987194698014e+01 -2.575214247146974955e+01 2.495368946466673421e+01 -2.922249449294156420e+01 2.540801090291724762e+01 -1.957061402048736198e+01 3.170369951068304104e+00 8.531267492951686293e-01 -1.612667761602731886e+01 1.302905732019615215e+01 -1.582285882272847566e+01
2.112951582517207783e+01 -1.787817349078808959e+01 -3.645368789581011981e+01 -1.017630116501695170e+01 2.514804016924400898e+01 -2.255043545412807404e+01 2.364978793431785320e+01 -1.391515615771931991e+01 3.003880612374305148e+00 5.941446121291665605e+00 -2.771981050116806955e+01 2.780974848394905052e+01 -8.971367045399725626e+00
2.141317061158069635e+01 -1.934087519158205382e+01 -3.375170539396632563e+01 -7.450029040311588524e+00 2.837488086530935760e+01 -1.882611292598420505e+01 1.884177206440496022e+01 -1.694832755688496562e+01 1.418546053589420985e+00 -3.164939599374252399e+00 -2.140001350893374266e+01 3.089576503565675125e+01 -3.211254044108938999e+00
2.122928551186155133e+01 -2.002021760387083660e+01 -3.337410946365101694e+01 -7.092879577369571642e+00 3.529402627115906910e+01 -2.774041861817246613e+01 1.651873585782447407e+01 -1.822414958637501314e+01 1.195703718976885988e+01 5.249324726076911141e+00 -1.776666358603928231e+01 3.393809479200772472e+01 -6.679570638681682659e+00
2.149673635543163286e+01 -1.529442170003117063e+01 -2.788223355572202422e+01 -9.087068536942244368e-01 3.548788342744497015e+01 -2.489314328694187495e+01 8.846521386600809223e+00 -2.528810504090651889e+01 1.507037693119131028e+01 1.988885516739557602e+01 -3.322655391207151609e+01 1.134432417848654140e+01 -1.149635776282897126e+01
2.169415368534988531e+01 -2.080419437744204103e+01 -3.527874291216537017e+01 -1.132935216989484317e+01 3.513281543386477779e+01 -2.667543274317884183e+01 1.802663532707374117e+01 -3.753201669883432601e+01 6.895170506267678689e+00 2.260984096477617911e+01 -4.251385694561442818e+01 4.823204017904166641e+00 -1.784795084884657967e+01
2.152019001810156240e+01 -2.859977862298532614e+01 -3.758867773395994760e+01 -6.926298604614702370e+00 2.817980860972300405e+01 -2.292383913141657814e+01 9.463200572900360541e+00 -2.254790919533335725e+01 1.206009431140553190e+01 1.416407107062522819e+01 -4.090268787727602273e+01 1.304735030262636286e+01 -2.397743107786640593e+01
2.158175202428007466e+01 -1.831880157411838539e+01 -3.244619720364684667e+01 -5.036907797566143152e+00 2.714817941861225492e+01 -2.228442266983244480e+01 6.220423888962927528e+00 -2.150290398419019411e+01 1.389495633134333552e+01 1.798476896387702695e+01 -2.891766402354609511e+01 9.975440716509963224e+00 -1.434699138436945987e+01
2.099172563809510095e+01 -1.624247053801438412e+01 -3.512463186224756839e+01 -9.896590536921609171e+00 3.511939673476592816e+01 -3.742857777784319495e+01 1.876873034960418352e+01 -2.769075447099114839e+01 1.423444069256539279e+01 2.164228511814236455e+01 -4.347905783279398406e+01 2.577686963639408901e+01 -1.816049230507498180e+01
2.096124378955000722e+01 -1.933808592675812932e+01 -4.128025378089098041e+01 -1.332288351020772055e+01 3.604525620553501142e+01 -3.405550762053442782e+01 2.006975656831171406e+01 -2.648380073150645941e+01 2.318312737515214383e+00 1.469982484190894567e+01 -4.387947550511324835e+01 2.931359321572018928e+01 -2.160328525066746508e+01
2.081656676434214504e+01 -2.164460421398938905e+01 -3.865439660745854411e+01 -1.565808651457070866e+01 2.809877083519596042e+01 -2.899148140022618136e+01 1.715363968881707635e+01 -2.119966197551758214e+01 8.947275512616043036e-01 1.511540631957115854e+00 -1.326232002098623219e+01 2.765363883249287369e+01 -1.010855273051788750e+01
2.110497300836638246e+01 -2.507358302814231621e+01 -4.534907256518737029e+01 -2.549731323201654121e+01 2.861793703149847090e+01 -4.343600341684836508e+01 4.220231616063537139e+00 -3.542550180012904804e+01 4.413560855193486177e+00 -2.299094435826091853e+00 -3.343806598465314295e+01 1.811829451466405416e+01 -3.160770379014004661e+01
2.139374999630879870e+01 -2.139689484845021994e+01 -3.884348281381249279e+01 -1.572519005239615097e+01 2.410392090303095713e+01 -3.308019417179643540e+01 1.518057307324204430e+01 -2.605543446743269698e+01 5.824758453226712263e+00 2.106295915422488463e+01 -3.158506476688701170e+01 2.227434673828052780e+01 -1.927012173414403406e+01
2.129602580883250340e+01 -2.222486911729027526e+01 -3.947167728368216189e+01 -2.437536222445169187e+01 1.269062116997760370e+01 -2.806501728456390410e+01 2.282844308283328871e+01 -1.940820661124210389e+01 8.074476301621865915e+00 2.039112162005802986e+01 -2.010717753254366613e+01 1.402713727421456724e+01 -9.961622977420260483e+00
2.104624178402814039e+01 -1.667953465448271899e+01 -4.147468974253344243e+01 -2.260965575591753307e+01 2.755754869210942459e+01 -4.343722999726626455e+01 3.390328527358644095e+01 -1.746560299812372463e+01 7.576165801176387049e+00 2.189101386799284654e+01 -3.516941758460689016e+01 2.960390521430218058e+01 -1.827071425431060447e+01
2.152548197937453622e+01 -2.671771201626106773e+01 -4.729041308759458673e+01 -2.365934196796175115e+01 1.512151141505976426e+01 -4.123081131552367395e+01 1.415762880225787868e+01 -2.679020182151359464e+01 1.038517548373104615e+00 1.392026511550230694e+01 -5.304408474083160030e+01 2.351658869408114327e+01 -2.924283137075598660e+01
2.138446916697503397e+01 -2.586973725990984008e+01 -5.041526658526300508e+01 -3.083178273397648539e+01 1.284810000862195523e+01 -3.856876332061097656e+01 1.108804174613133675e+01 -2.814874418144627199e+01 7.053685917871426625e+00 7.557293210628936109e+00 -3.091710386319292070e+01 2.774849479668202434e+01 -1.648383698532494179e+01
2.107389397668100628e+01 -2.509471976390867454e+01 -4.556246160989951477e+01 -2.563506465307940374e+01 6.394883924431375100e+00 -3.067412947363872178e+01 1.426273245602846629e+01 -2.029675388338625197e+01 -3.346974534083117181e+00 5.412279057166544227e+00 -1.949592133569392516e+01 2.755185801060110151e+01 -6.632479993990584966e+00
2.128220077444138525e+01 -2.224209505240506957e+01 -4.285989879211883391e+01 -1.994678446947411743e+01 1.914747879825611321e+01 -2.463432736650023713e+01 2.261733954507195676e+01 -1.589334476684798325e+01 -2.016190019114691978e+00 2.791685350838089885e+00 -2.017668894903967569e+01 2.512235127278621860e+01 -6.460490873606794082e+00
2.106145020669550050e+01 -2.500673612481132935e+01 -4.742813020246565259e+01 -3.240480982686162292e+01 9.743474740756758123e+00 -2.804098495067274399e+01 1.687387155799107319e+01 -2.159319116233126579e+01 -1.336784338761619839e+00 -2.050006456334471316e+00 -2.787210129615020548e+01 1.531504874385233173e+01 -1.831174447439012809e+01
2.128792939549710894e+01 -1.874150077231850631e+01 -3.618762044267751321e+01 -1.596655345810112614e+01 2.189243432620964569e+01 -1.364980127785064923e+01 1.936703628291327917e+01 -2.032541641235616936e+01 7.631015850976277548e+00 1.677383258723462944e+01 -2.984685564279422465e+01 5.104523082632772990e+00 -1.012570244768725303e+01
2.153501735483611057e+01 -1.701865498624469808e+01 -3.532528035336048333e+01 -1.611568603632786889e+01 3.046317140684313429e+01 -2.281161761211616223e+01 1.213510500464765052e+01 -2.565599065305536541e+01 2.202394442525326212e+01 2.485883191609443799e+01 -2.602156465012055619e+01 1.236679026370545387e+01 -1.423717590100362784e+01
2.112479729682868879e+01 -1.824063652268240077e+01 -4.177198743428198213e+01 -2.523471245147218411e+01 3.054324993076912520e+01 -3.884048123171543665e+01 2.162370068775822674e+01 -2.047923445849443880e+01 3.247856749076024840e+01 3.752759358190142081e+01 -3.099728335162464177e+01 1.626953371111892466e+01 -1.369979298155120340e+01
2.138641556528279963e+01 -1.475550527873546081e+01 -3.720159700275086578e+01 -1.405050236814389208e+01 3.268477244290084371e+01 -4.238248768058834060e+01 1.975901700992609022e+01 -2.986155555480664248e+01 1.332614901602973845e+01 2.626174255804361835e+01 -3.457651620566168305e+01 2.084381896135948153e+01 -2.061854909768441502e+01
2.129575471903389783e+01 -2.412156699673823823e+01 -4.713644753618054750e+01 -2.765327406681766220e+01 2.287145378460863299e+01 -4.676139766385339414e+01 -5.342714258776336322e+00 -2.961977494744882478e+01 1.731059911769298409e+01 1.147916236090326336e+01 -2.681313723192688769e+01 -1.457972353643146368e+00 -2.903910741666104300e+01
2.126302178754993122e+01 -1.289353526041611353e+01 -3.215730968882173357e+01 -6.600487056464169555e+00 3.652755711333172428e+01 -3.859596410173745795e+01 2.398978931044842966e+01 -2.730607202138861567e+01 1.337160615668167907e+01 2.502322777241889540e+01 -2.889032329409620914e+01 1.753408096685101469e+01 -2.103542028963350674e+01
2.156291338537756985e+01 -2.683379494121655284e+01 -4.282240912796135035e+01 -1.424501822405868623e+01 1.461358756129253678e+01 -4.699891524772007756e+01 2.237808563981257848e+01 -1.825957634142962860e+01 -5.818279410594168866e+00 1.148928075155745576e+00 -4.660103848214530586e+01 3.534279635278869591e+01 -1.398819795183493930e+01
2.125728043789267829e+01 -1.805963874416178427e+01 -3.855649529422506561e+01 -1.638611737480841768e+01 2.817021224040668415e+01 -4.312565109228691540e+01 3.736873901163925638e+01 -1.861739137606270944e+01 9.011843576231372666e+00 9.646867156114375064e+00 -3.977840452305815688e+01 4.112196212600650824e+01 -1.695488435595430232e+01
2.124648542178236355e+01 -1.880198059213163830e+01 -4.046605274601494528e+01 -1.489734199847623941e+01 3.193669537729736874e+01 -2.953039015707706128e+01 2.707454842127738459e+01 -1.719379560706546428e+01 6.495589688218536217e+00 1.039176691412912668e+01 -3.987991021180226880e+01 2.798275642233669913e+01 -8.270437677139126365e+00
2.151920174036330735e+01 -1.948554495528078689e+01 -4.198049351979555155e+01 -1.861139495577164027e+01 3.274801610660193774e+01 -2.975837432638406099e+01 1.556782155887117369e+01 -1.647390979446298687e+01 1.677850869123100352e+01 8.056204619816508483e+00 -2.473051181100816009e+01 1.662222070873681901e+01 -1.341971457361873732e+01
2.099357070549986304e+01 -2.739814052975261660e+01 -5.669064184878195078e+01 -3.890086327716027625e+01 1.319738679579493024e+01 -6.401757075569020117e+01 8.696818313647669996e+00 -4.010866477350449344e+01 -3.743695257441160162e+00 -6.308630586235791426e+00 -4.938848965497032140e+01 8.536481970381286644e+00 -3.088073771469394657e+01
2.117852165568222844e+01 -1.550700675045028376e+01 -3.083572357741491743e+01 -5.562053505942050613e+00 2.712280868938130496e+01 -2.058005432709731863e+01 1.433267277459700040e+01 -1.551037101740889312e+01 5.043964384218934782e+00 5.368193488549030334e+00 -2.729029583695444217e+01 2.502276902804837277e+01 -4.094154129186827973e+00
2.123385778327395457e+01 -1.211750306118238285e+01 -3.271289141966752112e+01 -1.089151881403224742e+01 3.695324907034602546e+01 -4.355633900630824229e+01 3.639191840895786356e+01 -2.733659235030311052e+01 8.957936676268989373e+00 2.040235377090885649e+01 -4.573900931956936233e+01 5.440805027046181408e+01 -1.446434480211687656e+01
2.105351071564237131e+01 -1.015574579136940336e+01 -2.554234607465104645e+01 -7.138345583097264857e+00 3.425935355996905685e+01 -3.052149022741769002e+01 2.073624767715321582e+01 -2.346579692760603564e+01 4.821597141701944089e+00 1.513889934297357520e+00 -2.424294939508625291e+01 3.556146790371291644e+01 -1.905045113709726845e+00
2.162223154915176337e+01 -3.340569914537378082e+01 -5.590219575677645025e+01 -2.508357438326684274e+01 2.506892248238246168e+01 -4.847658603221896811e+01 -2.595657801442508461e+00 -2.988174782167470767e+01 1.850271043253880876e+01 1.760121738242966671e+01 -2.285417169504678725e+01 2.019913417479341078e+01 -7.084971198614442578e+00
2.150056516927182670e+01 -2.467570971699509030e+01 -4.483557656544150660e+01 -1.711039965097146620e+01 3.479135332082811516e+01 -5.188466379711725551e+01 -6.479838603671504771e+00 -2.311212230040884918e+01 2.516325202928184979e+01 7.461319019290655774e+00 -2.400682332095361815e+01 3.454268623985196296e+00 -7.633761587066993926e+00
2.142145556804756268e+01 -9.762519044309653893e+00 -2.886661012364478296e+01 -5.841593314314044605e+00 4.087864421478362686e+01 -3.504917284192091387e+01 1.273701259584044720e+01 -2.295124593177342476e+01 1.901998180976458386e+01 1.429319308232963337e+01 -2.030835614194323568e+01 5.887089192923608216e+00 -1.129503720409904943e+01
2.162121891781747607e+01 -1.735294546060707788e+01 -3.716519125305421767e+01 -1.279490663219249491e+01 3.756231642313715469e+01 -2.786085000765395492e+01 1.735098849239117058e+01 -3.664641992867561271e+01 1.953152904263802725e+01 3.850967365242576079e+01 -3.759293122953530997e+01 1.896673654846568358e+00 -2.347913846036804486e+01
2.155188330687318654e+01 -2.270863002180300683e+01 -4.258384917212994480e+01 -2.239175952724236396e+01 3.314895699907057036e+01 -2.732849575794320884e+01 1.228496274233827812e+01 -4.923282413423011405e+01 9.882048946209419427e+00 3.583800453046536916e+01 -2.507444699816402789e+01 3.883335356339749467e+00 -1.642090666129872645e+01
2.146456703373629793e+01 -1.945440310576149656e+01 -3.529559789890855370e+01 -1.358833817150574319e+01 2.787464017557056906e+01 -1.477060798019096666e+01 2.404584546699868497e+01 -3.281110931880450465e+01 3.250587123907074716e+00 2.081955854577136478e+01 -3.119831640847353782e+01 5.085054921313563625e+00 -4.550656365031002792e+00
2.164374314110423114e+01 -1.891627312433357133e+01 -3.669560930030795021e+01 -1.397757823959605439e+01 3.475683751154160461e+01 -1.913504961313002184e+01 2.063876317104791980e+01 -3.159956318369097872e+01 9.204761016165335263e+00 2.186710964942156465e+01 -1.416155359197287389e+01 1.205836651073914112e+01 -1.297719600634875015e+01
2.105333288685331894e+01 -2.061573018968769588e+01 -4.214171376687553305e+01 -2.513727704959766385e+01 2.079016153490480434e+01 -5.104499774830200209e+01 1.226526449742075542e+01 -4.392022528872934117e+01 -6.005387006093650726e+00 1.519046074218032594e+01 -3.718260576710650867e+01 6.493681140328734891e+00 -2.597007792503180568e+01
2.097803600212451869e+01 -1.503958958623412911e+01 -2.862535929457877870e+01 -3.956901396351122813e+00 2.745498124913622817e+01 -3.136699008594678162e+01 9.169683354042485135e+00 -2.248292011812262459e+01 9.894872941661033039e+00 2.501132753812908760e+01 -1.850770257059024715e+01 9.540236969398870670e+00 -2.125576527898006773e+01
2.106957533570755459e+01 -1.782330056654615902e+01 -4.144677763692617134e+01 -2.567569457535699939e+01 2.673167971025853262e+01 -4.682259139641055157e+01 1.981689710275872329e+01 -3.071488684398236657e+01 1.805675963273525397e+01 2.773434590708834335e+01 -3.677287033483787582e+01 9.411325642244493750e+00 -2.652569130058290625e+01
2.051776766907385152e+01 -1.129818659242876855e+01 -3.279266675847733836e+01 -1.681606506178111360e+01 3.447088915812926757e+01 -4.288998353475459879e+01 3.186150503168239112e+01 -2.023776833831472999e+01 1.954571546909999924e+01 2.210851023249026071e+01 -3.604150961318765667e+01 1.743027184981924194e+01 -2.326400389710298455e+01
2.136526253841292444e+01 -2.378122498076155011e+01 -4.580408594660888610e+01 -2.309625620224669262e+01 2.761533573454803303e+01 -3.229259475351963005e+01 1.866587001493164522e+01 -2.019245078129695514e+01 9.415577490903562108e+00 1.053580745309093381e+01 -3.554819365990961444e+01 1.571997868928207609e+01 -1.781691936218296846e+01
2.148639850181240263e+01 -1.506182302710277909e+01 -3.571431860488093690e+01 -1.684217425456599670e+01 3.517402259975515477e+01 -2.961082714374260760e+01 1.672086882884361003e+01 -2.430579578585900080e+01 9.529993004068867180e+00 6.240652047039410455e+00 -2.863362553238881247e+01 1.678926090068080157e+01 -1.666806449298103843e+01
2.125400372467361976e+01 -1.723840648175339041e+01 -3.600057920243926901e+01 -1.230387508726882828e+01 3.260616129429648424e+01 -2.815282520509961373e+01 2.311448620593785819e+01 -1.399870751325059004e+01 4.425082106112698810e+00 2.438636431255250425e+00 -2.291589205011092645e+01 1.079384517109391339e+01 -1.029985616802155768e+01
2.120233458213387578e+01 -1.567541912745320687e+01 -4.149845971878322359e+01 -1.511037557979654622e+01 3.120885548210069160e+01 -3.447729784600245750e+01 2.346358622871524702e+01 -2.396708606168554923e+01 -2.645894319792416294e+00 1.602077347153876730e+01 -3.712126375369273745e+01 2.494098291074327989e+01 -2.274526422635984702e+01
2.051273089459787968e+01 -1.611717995438759132e+01 -4.093231349356177873e+01 -2.557574022309866635e+01 2.317932665423229111e+01 -4.007400918756822250e+01 2.908766650735005754e+01 -3.354985835089450319e+01 -3.836041805872729249e+00 1.769451009035805811e+01 -3.475327148634771390e+01 3.479565645417581266e+01 -1.404385529726030946e+01
2.088961244514329252e+01 -7.784615890523553183e+00 -3.757499464963382252e+01 -1.727519049689009023e+01 4.096024335779470960e+01 -4.431466804642878543e+01 4.175903968400402988e+01 -3.109967176179125659e+01 9.723835099160791362e-01 2.305078209727647831e+01 -4.533599820719670959e+01 4.133691012834976419e+01 -1.804964730249102089e+01
2.114928223580105993e+01 -2.204292635336983608e+01 -5.092559788903548679e+01 -3.377986281550027314e+01 1.712288859725100565e+01 -4.450941269273513257e+01 2.732783532230311607e+01 -2.985949262874964560e+01 -6.361412910342717275e+00 1.274053301701020269e-01 -4.350896955721017889e+01 2.572868701785714407e+01 -9.407993903908744571e+00
2.109462109673542685e+01 -1.641777066289420617e+01 -4.111698918584750828e+01 -2.749194765210835101e+01 2.766175301212588522e+01 -3.245955378494365107e+01 2.847391300142658821e+01 -1.755796761756380064e+01 7.476425909189454266e+00 2.343776855382749158e+00 -1.808474581512081869e+01 1.578718678432092304e+01 -3.287880683082218258e+00
2.124789985434401629e+01 -9.144183444897841184e+00 -2.978232320420059409e+01 -1.139811031467015390e+01 3.218637064951032301e+01 -2.622316228784469772e+01 1.638780952140287894e+01 -2.209377793084559016e+01 3.446099316246185484e+00 8.282416394120637904e+00 -1.172880403789881143e+01 1.678600402618887699e+01 -5.974471421847349362e+00
2.104858628739239279e+01 -2.307234990637278571e+01 -5.133886501465427443e+01 -4.157436393641635419e+01 1.056843371938085951e+01 -4.806128776206760733e+01 8.946743292590465302e+00 -1.471278000031376187e+01 1.804425804456390026e+01 -8.088316090584054763e+00 -2.195073379392980328e+01 9.828503615883640521e+00 -4.304470602356252229e+00
2.096612748179923003e+01 -1.225469798302207991e+01 -3.211956459239039674e+01 -1.918176654486230248e+01 2.688867150638675696e+01 -3.729421381513851941e+01 2.520381090550245418e+01 -1.071138001222511171e+01 1.690964350929802862e+01 6.534691509417187127e+00 -2.770733556607858361e+01 2.568526308406214298e+01 -9.292603800681362713e+00
2.129873015114815260e+01 -1.511678591419061313e+01 -3.313364775187405797e+01 -1.027503665497210861e+01 2.425555661812907005e+01 -3.608435415108431243e+01 2.690239494423438771e+01 -1.852131515860680722e+01 1.023674165533034142e+01 1.843446543003278393e+01 -3.987204549768798501e+01 2.467935476182060128e+01 -1.124141242419835152e+01
2.104287389940416020e+01 -2.202434072137073784e+01 -4.187382065433740763e+01 -2.391758010088395281e+01 1.921541097864742298e+01 -4.468938057431679312e+01 3.899864646309201532e+01 -1.895627344128971004e+01 1.066319161286476458e+01 2.634603761875504091e+01 -4.430671153402962403e+01 3.754191753051318869e+01 -1.163873995875367839e+01
2.112619405678637108e+01 -1.597554259445143821e+01 -3.887061035015364752e+01 -1.885171588747654070e+01 2.915761345305647012e+01 -3.380865960321394681e+01 3.704845105944136208e+01 -2.324521169529992548e+01 6.060613464284942964e+00 1.784978996312467814e+01 -3.443777784845963197e+01 3.088568942522807959e+01 -4.626689222389507528e+00
2.141096548463820071e+01 -1.621398686786383081e+01 -4.590916903583046604e+01 -2.662802894849705382e+01 3.300780231707658174e+01 -3.927192088530381398e+01 3.148582790099316853e+01 -3.286504215277161478e+01 1.168888347747163969e+01 2.977868682658381516e+01 -5.220744509243598230e+01 3.123902604981207887e+01 -5.271033172733741168e+00
2.110030493912149652e+01 -1.830102665968426123e+01 -4.388362566623145966e+01 -3.278723617645104582e+01 2.470392622921371384e+01 -2.752551537954519389e+01 1.500633714862554946e+01 -3.676537108296578538e+01 1.550717152427730383e+01 1.823023898973213619e+01 -3.927399894427810523e+01 1.396021260385246521e+01 -7.300695856850111021e+00
2.116803641398580282e+01 -1.473324884541489332e+01 -4.921602248209321573e+01 -2.046376613604451222e+01 4.225526062326154886e+01 -5.333829009847875113e+01 4.397867167833910429e+01 -2.827696408815886642e+01 6.048033130848008199e+00 3.855434581413869921e+01 -5.191079325651447363e+01 5.262831974735033214e+01 -3.037552652157247124e+01
2.126751560706628652e+01 -2.119864888122265612e+01 -4.637385416289687612e+01 -2.096266234817095508e+01 3.380564364987420589e+01 -4.575803878792615365e+01 2.509037745871555813e+01 -3.643134296008030049e+01 3.999454598679422546e+00 1.669666296739169553e+01 -5.122485110597901325e+01 1.986789414310065638e+01 -2.378501083005373928e+01
2.084993130325430144e+01 -1.359647873667020690e+01 -3.213730271579293429e+01 -1.132383486572250852e+01 3.274295725003526059e+01 -3.424999364542407676e+01 2.023241263055776784e+01 -2.092919090270241611e+01 1.180951816209911698e+01 1.175568556218099303e+01 -2.540678559886570298e+01 1.443042377925961617e+01 -1.285254542900949914e+01
2.150826674813156103e+01 -2.311958119678556756e+01 -3.506367098013732431e+01 -8.182288035837649076e+00 2.760951042316456139e+01 -2.299020127465797358e+01 1.161535011647037052e+01 -1.068379202879194523e+01 6.490173348724230351e+00 -6.904114797997358721e+00 -2.618181267905701759e+01 2.001910501731699199e+01 -8.513155814951860023e+00
2.156325456909336324e+01 -2.441715861224674100e+01 -4.482072271120912887e+01 -2.467908727157585957e+01 2.898162867021367006e+01 -4.963626260572159055e+01 1.303844524612573252e+01 -4.465586660159149801e+01 -6.628264795649893237e+00 -2.546522045973388160e+00 -5.897092133631880273e+01 2.782483775379204971e+01 -1.632024371148408903e+01
2.155512956264015045e+01 -2.463100309075748839e+01 -4.042558055028664654e+01 -2.025689314092301885e+01 2.397476159096924420e+01 -3.633214756957835334e+01 2.413270881684942992e+01 -2.224162923614485621e+01 4.826742381629095746e+00 1.188571120014950022e+00 -2.761129441824794739e+01 4.734808755517418888e+01 8.283231875697895319e+00
2.148679498265028442e+01 -1.988174806217587332e+01 -3.582234340435710607e+01 -1.250472191608056427e+01 3.060714567620239990e+01 -2.323713878171367142e+01 2.863092635090541194e+01 -2.569610290166331623e+01 -9.612111709007033211e-02 1.064914776480116387e+01 -2.385265348427172682e+01 3.507397638709335297e+01 -1.195181846994893959e+01
2.108842028170745664e+01 -2.140524913003308072e+01 -4.647519438593472074e+01 -2.857644976162819361e+01 3.447238221474827924e+01 -2.519955815950200417e+01 3.665924816950921894e+01 -3.586889487628178586e+01 3.366998052494015181e-01 1.114753029261726169e+01 -3.504370451050881741e+01 5.010704642221151062e+01 -1.164759506593704863e+01
2.123426837244151244e+01 -1.637072231279383416e+01 -3.824103721748673479e+01 -1.744510803365484364e+01 3.647298337540242841e+01 -2.717701882905293687e+01 3.604422793773414213e+01 -2.444953157739640659e+01 -3.514407535625407419e+00 2.156856897987554852e-02 -3.025249026876635128e+01 4.600130485036325467e+01 4.701285939963451455e+00
2.139656841557804512e+01 -1.843571230829413921e+01 -3.906938275711095088e+01 -2.068664384067609419e+01 3.105986940566015164e+01 -1.388013916059784947e+01 2.835641614396370613e+01 -2.695083412789659150e+01 -2.310114425761983004e+00 2.105924129069426609e+00 -2.981487803866713548e+01 3.109180153469550234e+01 9.011578531432125061e+00
2.120793689070444898e+01 -1.036327139952337184e+01 -4.337043903181797333e+01 -2.686057273123378764e+01 4.325343961805701554e+01 -4.526676731740756310e+01 4.552988404292559466e+01 -4.092719449925618136e+01 1.908380689464665991e+00 1.924508211395722412e+01 -5.120724493519367826e+01 5.512581398655018461e+01 1.401451286358413317e-01
2.126567758840160849e+01 -2.042013845904655867e+01 -4.214345493164771739e+01 -1.711282534914068876e+01 3.037721375586324513e+01 -2.513720409774998643e+01 2.046285004191121004e+01 -2.476027328449451659e+01 3.281542249953445012e+00 7.581900298822504602e+00 -2.700596270026900214e+01 2.242285684771318444e+01 -2.693374107665968076e+00
2.163115853505275865e+01 -2.062583753792274877e+01 -4.283410305528347806e+01 -1.945796861089288399e+01 3.502534221459409025e+01 -1.596837210683696107e+01 1.567455189907645163e+01 -2.708864338400054095e+01 6.047242327329740874e+00 6.250489675822957558e+00 -2.363258711618067665e+01 1.239251110132262390e+01 -6.753268906168060859e+00
2.109640540214144977e+01 -2.008727970928955386e+01 -4.310091440532698925e+01 -2.012167219434617849e+01 3.591727570321624086e+01 -1.533625410610869189e+01 1.938758719226779448e+01 -2.333128133453983821e+01 5.905589354089548770e+00 6.184121733642196084e-01 -1.835246684962429953e+01 1.620119621760866480e+01 -1.113457981998665325e+01
2.122427969935347747e+01 -1.511811652687076979e+01 -3.944043161180111667e+01 -1.167512209471221318e+01 4.622682777697784218e+01 -2.817425131815448935e+01 3.067623574345977744e+01 -3.205145203301539425e+01 8.318890617858545333e-01 1.560022060276010514e+01 -3.687339266235314739e+01 3.037628209516141453e+01 -1.840587289312954766e+01
2.154013605752494342e+01 -2.121328946708165120e+01 -3.999892801980793422e+01 -1.010124287490924466e+01 4.148638796146124008e+01 -2.075851419434755130e+01 7.393506494899933834e+00 -3.105360060355265617e+01 1.695161724870528630e+01 1.146496403878698622e+01 -2.605614528176552724e+01 8.205226500963993530e-01 -1.064545423214177688e+01
2.118379798818131121e+01 -2.709289335392814380e+01 -4.231149323594896572e+01 -8.994857528165619343e+00 3.594525726239107399e+01 -3.856119209047360386e+01 5.593145554004452791e-01 -3.332243793993239933e+01 1.109614656053597948e+01 1.668981373195198259e+01 -2.388851921009242574e+01 1.145964048856096085e+01 -1.694656032420951419e+01
2.148553675175434563e+01 -2.767585256628334278e+01 -4.850278887100494529e+01 -2.104356084624904355e+01 2.754754175993141985e+01 -4.061086200135586211e+01 9.714193473542746204e+00 -4.688619363547355334e+01 6.689380967469448214e-01 2.480723094494524972e+01 -3.817515660442197856e+01 2.242862050900705739e+01 -1.493346009837348198e+01
2.141185339945668886e+01 -1.968078055405236526e+01 -3.517121738605105463e+01 -1.182720684966728264e+01 4.012715326136923011e+01 -2.735950066241665724e+01 6.223265954510440068e+00 -4.455973727101559234e+01 1.039253859215989451e+01 2.159174335551323054e+01 -2.345748648734536701e+01 1.814177729555751739e+01 -7.913373118987220067e+00
2.138844283088295128e+01 -1.212468204850701881e+01 -3.150536087998177592e+01 -8.956690530848968379e+00 4.076599215511047447e+01 -2.186394374335874957e+01 1.982098908500874046e+01 -3.356152673599915914e+01 6.404891957814289327e+00 1.612464533634491204e+01 -2.780832033270127823e+01 1.803125831725002737e+00 -8.329958446808104711e+00
2.136984081132566260e+01 -6.983684832905939999e+00 -3.349181696531482544e+01 -9.800875391565732286e+00 3.900802043142093112e+01 -3.220190762239577253e+01 2.475477230896868974e+01 -3.782715233760944784e+01 1.015690508662919989e+01 3.142340858077841403e+01 -5.092353852858924768e+01 3.461907783087186630e+01 -1.825246789485217747e+01
2.038928997486130257e+01 -2.395447444980430163e+01 -3.936755132108094557e+01 -2.470319632634207707e+01 1.251113174656091509e+01 -4.006801075120402800e+01 7.135577743147491603e+00 -3.153469714495592768e+01 2.920863802403203646e+00 -6.589587779023075020e-01 -3.336654520116914568e+01 2.992464607158551360e+01 -4.951662479084285806e+00
2.146366106614706837e+01 -2.343166119081392296e+01 -4.335267337408522081e+01 -1.333014992573993318e+01 3.869682602768093460e+01 -4.143369526211486686e+01 1.045802869734732354e+01 -3.573107860763703059e+01 5.972234196027423891e+00 9.743209249364156221e+00 -4.411622881827501175e+01 3.622079752801892027e+01 -1.960993487415232650e+01
2.163395008604184255e+01 -2.009225858017513389e+01 -3.261580253768747895e+01 -6.139306749674312336e+00 4.231289389205544893e+01 -2.448051533343813446e+01 8.887920959014782296e-01 -1.720984347500911937e+01 2.386758929006268559e+01 -1.019813099611397655e+00 -2.601620862749259189e+01 1.215907587991264371e+01 -2.168884616773713603e+01
2.138566023430822227e+01 -9.078033149672940283e+00 -2.969224360022163367e+01 -6.900092836175922173e+00 4.653366473436457795e+01 -4.911345416377936601e+01 2.119829507661274448e+01 -1.811127095516739161e+01 1.445217529112173160e+01 2.429646210607346646e+00 -2.486063266919588699e+01 2.913323891169521573e+01 -1.689722890060489036e+01
2.132043695373574366e+01 -2.431334188685105602e+01 -4.504250099577540567e+01 -2.209716934384490727e+01 1.574818911928796972e+01 -4.555025090350562067e+01 1.957829693447730079e+01 -2.063478403722567833e+01 -8.657205821508052068e+00 -9.840798630610631648e+00 -3.510588562159607307e+01 3.856836938732501352e+01 -7.867061861933652089e+00
2.138236900633561532e+01 -1.224282676583249696e+01 -2.826090490953109580e+01 -1.003320652303596994e+01 2.860125217206080350e+01 -3.683791718012884076e+01 3.074856963237722951e+01 -8.730629682448244111e+00 2.166688584728898359e+00 -8.383795145149344208e+00 -2.457555669704010981e+01 3.244313464747566655e+01 -1.363937599332548345e+01
2.137495767455768103e+01 -2.352602480001307583e+01 -4.343796274686523162e+01 -2.261180307506147713e+01 2.613064042334358206e+01 -4.087697124261490700e+01 2.947104755600372172e+01 -4.729129229501292997e+00 1.650487434174310053e+01 -6.085388545082974332e+00 -3.064128165900833167e+01 1.541321574898463354e+01 -1.113406783668732203e+01
2.165759452087084114e+01 -2.261493337064445441e+01 -5.116791275360335334e+01 -2.039054686667167360e+01 3.681442448792378741e+01 -4.582428507316360111e+01 3.141145549745564480e+01 -2.918178602960535883e+01 7.581692267093104398e+00 3.036624611319571443e+01 -3.653305368051147184e+01 2.131996032211706549e+01 -1.620557392617057246e+01
2.130626035678331931e+01 -1.844397177664805909e+01 -3.789333363694572654e+01 -1.319356064075312496e+01 3.128829665431807427e+01 -2.979183950890012156e+01 2.939583635756826041e+01 -1.986485700650901265e+01 6.156126969208006727e+00 1.477929991768130336e+01 -3.680582412492898925e+01 1.334567627269615464e+01 -1.316921093987727431e+01
2.143506421354056357e+01 -1.304670647019779750e+01 -4.060050852587990278e+01 -1.493914587407360628e+01 4.209912053185787784e+01 -3.933403993876293470e+01 4.220165683246120381e+01 -2.914098407569411364e+01 -2.714352250438036407e+00 2.729486279531726822e+01 -4.416287309708936704e+01 2.892062695333256528e+01 -1.229421781673881853e+01
2.120624517435044964e+01 -1.936873550912946840e+01 -4.592922306270990873e+01 -2.888769147226731349e+01 2.235064771375884618e+01 -4.138701989145560134e+01 2.623697380232376375e+01 -3.511962464851490040e+01 1.306763847492810271e+00 1.939684588092369921e+01 -4.788339988743069853e+01 3.188392741552281962e+01 -6.974071184971070814e+00
2.126477030260742396e+01 -1.101164781840931539e+01 -3.747428608404339911e+01 -2.427781917706294124e+01 3.376267801763427912e+01 -3.696470910704626078e+01 2.577646456013786747e+01 -3.726277711393477432e+01 1.514778104293244176e+01 2.718184810290713216e+01 -3.250179248523391351e+01 1.239847317132868021e+01 2.920420102338076584e-01
2.123858422439561622e+01 -3.019955907921514182e+01 -5.217595200603085459e+01 -3.274249809334098416e+01 2.108825696478661360e+00 -3.986898795938388673e+01 -6.086709744599220429e+00 -3.580333894489938729e+01 6.293324997915012986e+00 1.694409154615766866e+01 -2.581361467813272625e+01 1.209478147329374309e+00 -1.239463626662596418e+01
2.168138931036079242e+01 -1.782816048921216634e+01 -3.793413810116278739e+01 -1.679309913366292406e+01 3.443960968278942403e+01 -3.509376149561409619e+01 1.309649333716556896e+01 -2.654583636520328227e+01 1.632121288926160219e+01 1.867015957222282196e+01 -2.875985357089754402e+01 1.454733183332421831e+01 -1.281063368236562283e+01
2.124385148769255593e+01 -1.630085889223883910e+01 -4.089980934597886630e+01 -2.043293742643896493e+01 3.548194839870586748e+01 -4.431226717246083524e+01 2.018910425903463590e+01 -2.553678672615514955e+01 8.875779933307525127e+00 1.482948031395046051e+01 -1.697222918690003368e+01 2.128769034526886017e+01 -8.550604188693409213e+00
2.151935986978219262e+01 -1.644288907215401707e+01 -3.616497169997717265e+01 -1.191518508063436421e+01 3.046436548105763364e+01 -2.198802941726454563e+01 2.033480500630630772e+01 -2.772047676738324995e+01 3.861149468351874781e+00 2.143681392147450993e+01 -2.339332381209739609e+01 1.367382757573403751e+01 -8.009396120076557324e+00
2.157385113265688048e+01 -2.060650372266864494e+01 -3.955625144187050779e+01 -1.850710922597381725e+01 3.854965376244395259e+01 -2.162909420809544869e+01 1.960956024373653506e+01 -3.978574525871081846e+01 1.160732661575342917e+01 2.888382450618953712e+01 -2.572406168304084062e+01 8.946703374542297027e+00 -5.465030088123834062e+00
2.126373081930088205e+01 -2.468575818846612080e+01 -5.158714214612080440e+01 -2.359314564125669733e+01 4.076293827280322546e+01 -3.830892623852998469e+01 2.651760626407921606e+01 -4.303000843051814428e+01 1.397727847311922567e-01 2.274530551584532390e+01 -4.403861249579177439e+01 2.656529008429470906e+01 -1.397705479403744988e+01
2.143913091620601818e+01 -1.582191603116367062e+01 -3.305095337178080683e+01 -6.156533183709266055e+00 3.882754419125829060e+01 -3.777348454282788737e+01 1.617559990172060580e+01 -2.285117602202153009e+01 3.454888703982362141e+00 7.448850990394038973e+00 -2.127635518937583825e+01 3.193552940593176004e+01 -1.339785943710086791e+01
2.137355245018321526e+01 -1.578352665758283280e+01 -2.633695567591264819e+01 -3.556485617169423463e+00 3.502730304410059148e+01 -3.163496308021738912e+01 6.616298318897191777e+00 -1.612431228262790484e+01 1.267840575745841569e+01 1.901995435562643944e-01 -1.359162942211906611e+01 1.342208248132351578e+01 -4.428828362112224859e+00
2.131379532575433799e+01 -1.580618669856843717e+01 -3.378191005245000156e+01 -4.429101444912113550e+00 4.378008753651540985e+01 -2.782435319756555359e+01 1.883507386424790653e+01 -2.234510051155150734e+01 7.830467022404495658e+00 6.476558562600538416e+00 -2.533333747281642800e+01 7.316526686730417950e+00 -9.787546105925406081e+00
2.156978276116263160e+01 -2.046142003189728342e+01 -4.216445579501771590e+01 -1.464818394672429136e+01 3.651451396810178807e+01 -3.276179728636267185e+01 1.559253623547192191e+01 -2.765147006524280116e+01 2.624974122148195033e+00 1.114564513689986924e+01 -2.307354543559073079e+01 5.626545918267293445e+00 -7.703385480608105240e+00
2.106734640476187792e+01 -1.651388679411392602e+01 -3.513178897767971876e+01 -1.137813683439423151e+01 3.508244920685404367e+01 -3.026230825994465334e+01 2.152549910107401843e+01 -3.038833511389244535e+01 -6.938838810708627847e+00 7.125182155424964137e+00 -2.487798177893545315e+01 2.149311285451976161e+01 -6.821269092665916745e+00
2.134472584052489452e+01 -1.519772910553680134e+01 -3.314864489525778168e+01 -6.536203290312963432e+00 3.546226605430172185e+01 -2.152917753089763409e+01 2.258095707062786417e+01 -2.386658642890074589e+01 -1.870242886719909903e+00 1.167580142397745391e+01 -3.396396804550938242e+01 2.786576782246395112e+01 -1.298636335720790136e+01
2.149001448848355267e+01 -1.378579203378178519e+01 -3.245336893068191131e+01 -7.888290082800264891e+00 3.311546587027603294e+01 -1.197497990449424954e+01 5.663087763645833661e+00 -2.263675725930143301e+01 8.358548740932899790e+00 3.515103467672808346e+00 -2.425230534314030706e+01 1.321160667339452210e+01 -8.430049872867911631e+00
2.125209963575896310e+01 -2.261627819656824556e+01 -4.776193133018528414e+01 -1.902350615600538930e+01 3.284170083551810393e+01 -3.413547519099626726e+01 1.913911990972931676e+01 -2.488507998067228755e+01 1.059868172634542027e+01 1.948721365582176546e+01 -3.309994092724451775e+01 1.828501633655191227e+01 -1.641957907377537751e+01
2.097400786842102605e+01 -2.200848646971443401e+01 -3.443868800247516759e+01 -8.994020404577915073e+00 1.997983647591492584e+01 -1.856535403643930593e+01 1.719610710725716984e+01 -1.621404535400404612e+01 4.317018217254215529e+00 1.586996574836406282e+01 -1.860132820992468439e+01 5.420020015008112146e+00 -2.060680471218336862e+01
2.078281211383519533e+01 -2.615114377433083348e+01 -4.375237887008791660e+01 -2.030516526060067761e+01 7.528553792462471250e+00 -3.858287965042194401e+01 1.182687106492328866e+01 -2.375678774846090135e+01 -1.755302872828940375e+00 1.965753543600989772e+01 -2.109096582319857305e+01 1.884843149295282316e+01 -1.998549967561590890e+01
2.060867656668411385e+01 -2.110843849479808654e+01 -4.533611043330181190e+01 -2.407742208863991351e+01 1.142878943880748999e+01 -4.675060973801952713e+01 2.362442334982009839e+01 -2.802824142674626628e+01 -6.730011535865301653e+00 1.621651354715163151e+01 -3.926694031446164956e+01 2.937987225528562973e+01 -2.747533000772446243e+01
2.102582975663799303e+01 -2.134017196197882527e+01 -3.574836437392751520e+01 -1.396038249331322056e+01 1.157957818001170125e+01 -1.614492696536610694e+01 1.910361508714376200e+01 -7.884844698039268351e+00 5.281982331914858442e+00 7.363186394856492178e+00 -2.298273525703027076e+01 2.432806845799846940e+01 -1.174528571736375504e+01
2.061423043614335171e+01 -1.612682855308639063e+01 -3.083600562183768190e+01 -1.073825634007739893e+01 2.091691116721551325e+01 -2.304662423066412913e+01 2.692140660875885771e+01 -1.381545755899681183e+01 5.346198231162990311e+00 2.534367902353371171e+00 -3.884758460978520844e+01 2.014349394230098511e+01 -9.902490455630786670e+00
2.100838355505259969e+01 -1.994263682150606698e+01 -4.275814862390845406e+01 -1.870832513001230879e+01 2.172257787581257560e+01 -4.044247283838348750e+01 2.294607691794699988e+01 -2.978239307459702800e+01 1.237743398023556374e+00 1.544111601493986363e+01 -5.635687804206782658e+01 2.145003091107694004e+01 -2.070834874963754046e+01
2.137141680243442110e+01 -2.630298115720945518e+01 -4.489066803950365880e+01 -2.559547452500016007e+01 3.447382982042861865e+00 -3.637936420268981408e+01 8.067832392616651305e+00 -3.280237904338420662e+01 4.090600368323762392e-01 2.032839153918822461e+01 -4.278300109550033881e+01 1.855838842785546561e+01 -1.238334971383513761e+01
2.086903340095894777e+01 -1.745664723424505382e+01 -3.998406139886849786e+01 -2.578480469006998632e+01 1.409293936672591663e+01 -4.087676091200199124e+01 3.131226635706191175e+01 -3.164663789137618721e+01 5.675683651980255595e-01 2.902526824378841042e+01 -5.472869141360131806e+01 2.566944320878685204e+01 -1.242352862332948504e+01
2.152051044759210896e+01 -2.828292410403861723e+01 -4.940117722566360214e+01 -2.274781947584732933e+01 1.585178085859283037e+01 -3.429039940377042939e+01 1.772699839559170343e+01 -1.944316539819154244e+01 8.851473039023392886e+00 1.223056266341500908e+01 -4.646235016091131342e+01 1.009640922160427579e+01 -1.520677437233614526e+01
2.155615350566082711e+01 -1.566677675058141084e+01 -3.620225863695155510e+01 -1.358351446053315925e+01 3.398383685336470705e+01 -3.613659056198866892e+01 2.608502300092787962e+01 -1.914236592647815272e+01 9.730464276715418137e+00 1.982268407948672007e+01 -3.562363019524463681e+01 2.619581916843352332e+01 -1.363246953484991053e+01
2.116742198694044674e+01 -1.517411114122867311e+01 -3.144458732487529673e+01 -9.216824278451776209e+00 3.241294165016837781e+01 -2.740425987208198322e+01 1.735987567102985452e+01 -1.272881785609953198e+01 1.040195664786593177e+01 2.555480683903159189e+00 -2.169661735876375275e+01 1.330227007400315919e+01 -3.164281960075952416e+00
2.144045902616513644e+01 -2.077440892016660356e+01 -4.387962793535632500e+01 -1.515672018439080482e+01 2.837991867073161245e+01 -3.536248214401775414e+01 9.126737552176072299e+00 -1.836922325285284785e+01 1.550246363233998537e+01 1.803727348497247718e+01 -1.982335589846858426e+01 1.287867480109039775e+01 -1.004296451435019932e+01
2.145391291370160403e+01 -1.823794169213781657e+01 -4.164577072820232928e+01 -1.984354068163265339e+01 3.484819136020956165e+01 -3.771770486138248657e+01 3.904138556985145225e+00 -2.458774064337563203e+01 3.023062328369821827e+01 1.330699619615125151e+01 -3.636252904390189400e+01 -5.410975902570696050e+00 -1.420877491011305871e+01
2.135765335664826381e+01 -2.086856890300379419e+01 -4.464207900826011866e+01 -2.468585202886621843e+01 2.790774125075090240e+01 -4.765533771085705439e+01 1.380663917622396042e+01 -2.914431528996258081e+01 2.377305152815386791e+01 2.454257853919394705e+01 -4.566653825331316341e+01 8.131405942306392021e+00 -1.819280967508567315e+01
2.150875908814290938e+01 -1.884135839400135382e+01 -4.013252329500907223e+01 -2.053548901001901328e+01 2.509850367290190931e+01 -2.676457913159191193e+01 1.390187497399778316e+01 -1.619322752865415538e+01 2.688885543225715224e+01 1.587848297067628778e+01 -3.768395232806479811e+01 7.703876609895360161e+00 -1.513834696862223339e+01
2.147860820573518126e+01 -1.530900685034014330e+01 -4.487717429707954864e+01 -3.089015918797023375e+01 3.288661918047624511e+01 -3.625815865975003760e+01 2.187711024204302390e+01 -1.997371830670338255e+01 3.138146776103926427e+01 1.967874750303352016e+01 -3.740924738356868318e+01 1.226330131738724916e+01 -1.947361144401967081e+01
2.134661546505667928e+01 -1.210035113948323016e+01 -4.030075498326530692e+01 -2.431147672346892818e+01 2.863372689348567590e+01 -3.875812831440298112e+01 2.125355914904430321e+01 -2.082324179002205256e+01 1.860688078843929105e+01 1.668637638952879243e+01 -2.650472819070454378e+01 1.185990199667709888e+01 -4.791563429394787299e+00
2.140206468111326288e+01 -1.511197368588567258e+01 -3.793667205135178477e+01 -2.315545134401981642e+01 2.728162766038586540e+01 -2.718107210171658039e+01 3.915991062114090937e+01 -7.595441642037526364e+00 1.279127714100987667e+01 1.069987777927012829e+00 -4.191824679938925158e+01 2.380653117197485358e+01 -8.997434154767981695e+00
2.115674702967622522e+01 -8.617886948298474792e+00 -3.857292090489053038e+01 -2.296172686488058901e+01 4.020408729265248837e+01 -3.787467071661841800e+01 5.212704357425185009e+01 -1.814242864643741271e+01 6.786577445434981648e+00 9.461353978797827580e+00 -4.944633952345983374e+01 2.408639098949797841e+01 -1.667003073772586674e+01
2.152401311697215291e+01 -1.285903326479360231e+01 -3.339706584453401206e+01 -1.172092026000141196e+01 3.035015892994161391e+01 -3.303577858125980526e+01 3.279611990511508424e+01 -2.594148277241665568e+01 6.427602619172151144e+00 1.919642825744541170e+01 -3.932036708711275708e+01 2.288868908030475069e+01 -1.455713591168168719e+01
2.179693123069381144e+01 -1.926967706285798343e+01 -2.633547041913662312e+01 -7.040708580237661884e+00 2.198643693341297478e+01 -1.787183643522987353e+01 2.477573211464851966e+01 -3.276085974126321787e+01 4.757333236264280174e+00 3.355868381319700688e+01 -3.471693511289085166e+01 9.291278348721990099e+00 -1.159641645468018112e+01
2.121856039461692944e+01 -1.412076343070144624e+01 -2.661493760045784640e+01 -5.552940932182472977e+00 2.976260094168770820e+01 -2.544568988894478068e+01 2.537815297449744989e+01 -2.711844740378331053e+01 3.293494325694810598e+00 2.167864860752894174e+01 -3.522275005256565095e+01 1.840084817516504145e+01 -8.568400278285027483e+00
2.154350744149213526e+01 -1.713827883924038886e+01 -3.688133719519206721e+01 -1.231514905022153705e+01 3.408696719357671157e+01 -2.453381630310193984e+01 2.514974120279086378e+01 -2.346422975623810459e+01 1.074974757847327655e+00 1.098875466866637751e+01 -2.751926960594358107e+01 2.041836173306660385e+01 1.449698400172306112e+00
2.159375029219087949e+01 -1.904482756696285506e+01 -4.714531959058562904e+01 -2.240647180074843803e+01 4.132967106059921036e+01 -3.905424078894925088e+01 3.485955147363022633e+01 -3.829352297160800589e+01 2.649065806501273990e+00 2.289034302596447290e+01 -3.378995783565682842e+01 2.233190138596538787e+01 -6.405296576244379203e+00
2.126445329891168257e+01 -2.250314232013264615e+01 -3.736581520190510020e+01 -1.290507030748277906e+01 2.977954720802106436e+01 -1.505534058888014393e+01 1.421643558486750436e+01 -2.002721625322944377e+01 1.073188709040288025e+01 8.537270805706114629e+00 -3.016190463166552149e+01 -6.488733310563048473e-01 -8.643263509070237660e+00
2.167522024282003557e+01 -1.675170870178537896e+01 -3.431785088828600294e+01 -1.223850149452760050e+01 3.178646761563746281e+01 -1.964197867208205039e+01 1.289149911262233239e+01 -2.411775145249511354e+01 1.587291439021770323e+01 1.932759697737821014e+01 -2.903960656027752663e+01 8.473799724322832461e+00 -9.619139588417310094e+00
2.125224746040772317e+01 -2.413733462767746119e+01 -4.756839290946106757e+01 -2.479353504178427414e+01 2.802304419984420747e+01 -2.758067269092809326e+01 1.391609615794032528e+01 -1.586255276131056036e+01 1.568548378955776457e+01 9.664287246267030396e-01 -2.628800348742564807e+01 7.603343846415788754e+00 -1.310955723805153994e+01
2.121650473989010521e+01 -2.088186079232390568e+01 -4.564222657645381531e+01 -2.807667940297932674e+01 2.608330446071961362e+01 -4.024397597645244673e+01 1.443652258759407481e+01 -3.730674561422889468e+01 9.466949554916425313e+00 1.247677226831683939e+01 -3.831404879565017296e+01 2.125957682825969641e+01 -1.191313892672397046e+01
2.167465206422471979e+01 -1.897141555261520907e+01 -4.421386257116158447e+01 -2.588668756051298203e+01 2.879830024444409986e+01 -3.560533732114208760e+01 7.444723794849132936e+00 -3.182656604255544508e+01 1.618186786807299171e+01 1.811927035924600560e+01 -3.482637973667616649e+01 1.261206048242189404e+01 -1.359013982156419686e+01
2.130259242441424306e+01 -1.209513788352121821e+01 -4.100813455272574970e+01 -1.966165532255076798e+01 4.012258884973299189e+01 -3.440973641080351797e+01 2.673941571337452316e+01 -2.659306195929433159e+01 1.511683453552646661e+01 2.105663466998535682e+01 -3.431183403959467171e+01 1.620368813122095730e+01 -1.262328876973725045e+01
2.122828717639255558e+01 -1.618853250648353281e+01 -3.823066886804720355e+01 -1.643229328209031692e+01 2.230240733497200623e+01 -1.715568287772955358e+01 3.209867934182601346e+01 -1.348608865641402232e+01 1.033475817615302716e+00 1.084165966941820614e+01 -3.362312412411637297e+01 1.919377083738993051e+01 -1.661341635989863619e+01
2.156693653765049135e+01 -1.766100154857803517e+01 -3.489159590039956527e+01 -2.322690892029837784e+01 1.368839114388171474e+01 -2.113249838075068254e+01 2.028390717574360025e+01 -3.018735561860302496e+01 1.651402368879191673e+00 1.744874906679934412e+01 -2.661892269595400151e+01 9.314093253210494083e+00 -6.519107117438251109e+00
2.123806009920341964e+01 -1.528105754984758136e+01 -3.975373648884138333e+01 -2.334592698602752492e+01 2.341830647429483747e+01 -3.466845902283066749e+01 3.808865750326724253e+01 -2.411655141301552163e+01 6.083265461933144991e-01 1.357815131633686967e+01 -3.655019010761805731e+01 1.610741679769188295e+01 -1.387157470701596473e+01
2.126176042383324472e+01 -2.463321859083254850e+01 -4.638652076675162306e+01 -3.013837238446177835e+01 -6.685145258621193465e-01 -4.431506397510777617e+01 7.846688334382362129e+00 -1.447355157699177930e+01 -1.217688788928724231e+00 -2.963126902797019291e+00 -2.610873631620749791e+01 1.923435595134444043e+01 5.884693593790645494e+00
2.103411970814519449e+01 -9.184561948113444174e+00 -3.473300054618341903e+01 -2.254262579412384682e+01 2.747310900641529585e+01 -3.092207525712812100e+01 3.385217599067244976e+01 -1.605355946331638961e+01 1.334245895450728803e+01 1.011285550252855714e+01 -2.928364618351694659e+01 2.466916893512431841e+01 -8.525680232023947980e+00
2.098360416981270404e+01 -1.067202001299608227e+01 -3.787847320023404052e+01 -2.071181171138037413e+01 2.646627345257003938e+01 -3.046820388581998529e+01 3.580658487870879725e+01 -1.692802261564438382e+01 7.148183855383656748e+00 1.126527247089034134e+01 -3.632457793425659531e+01 2.680735571958393137e+01 -1.133908327765944968e+01
2.162230489883206275e+01 -2.097253589254016859e+01 -4.728300207467422922e+01 -2.949409853881471122e+01 1.978059869330519405e+01 -2.451776178517421556e+01 2.748383146872886584e+01 -2.232966128443474574e+01 1.114633284456817641e+01 1.694811088206379779e+01 -5.566357997990338902e+01 2.988314503346538231e+01 -1.625135891762267448e+01
2.140586098610619104e+01 -7.012845426719960251e+00 -3.288384387423798216e+01 -1.980001465641672453e+01 3.225904067854854418e+01 -2.812907604351577717e+01 2.648739310423613347e+01 -2.902232146895838127e+01 1.528928144869353112e+01 2.077015352848463792e+01 -3.786139172718715429e+01 2.475410300858835200e+01 -1.185606305745213618e+01
2.128715651425621402e+01 -1.366272755535356964e+01 -4.529133213244855938e+01 -2.763502666576599509e+01 3.005165687972768396e+01 -3.939646663600097298e+01 3.510134356224190100e+01 -2.960095263331154314e+01 1.531888578080097396e+01 1.843522546987763278e+01 -5.029899078967084591e+01 1.644880376755514106e+01 -1.287621584813608600e+01
2.109323993816273912e+01 -1.883560520235798563e+01 -5.346744537280046927e+01 -3.735859409948661636e+01 1.992165019009003757e+01 -5.177218500311651184e+01 2.480813433817585079e+01 -2.826699448972398088e+01 9.990856452506086782e+00 5.880570672474957128e+00 -4.413754134609715862e+01 1.303723305875846705e+01 -2.506361962038615232e+01
