1.772733636947605618e+01 -2.002665024581468245e+01 -2.847119523483994996e+01 -9.375152023700708881e+00 -1.465190416496651160e+01 8.487271408351110935e+00 -7.500949214010169896e+00 -8.864626104518338323e+00 -1.080047335343584436e+01 1.394126546596507232e+01 -1.288984896496239507e+01 1.130095023875643001e+01 -8.038144702085306292e+00
1.764813868097773408e+01 -1.567292301880912397e+01 -2.311308857420489815e+01 -3.657660233387406423e-01 -1.482055637880446142e+01 -8.434704377388182461e-01 -7.586550354068380742e+00 4.806332439983165727e+00 -1.192470023026708326e+01 9.533399852190134638e+00 -6.092152341376836588e+00 1.496849485099403410e+01 -2.871543176489327998e+00
1.788948434627859996e+01 -2.011664062208781445e+01 -3.284719943643342788e+01 -9.674968468086579065e+00 -2.206787157906824248e+01 -9.129106805734258145e+00 -1.996239829651243980e+01 -1.138696950423690568e+00 -9.480868434079587459e+00 9.175517289157276934e+00 -1.050283721823230820e+01 6.201767367807671238e-01 -8.700141792497147364e+00
1.804515802759155818e+01 -1.866491639319047025e+01 -2.918621212439089518e+01 -3.655284996342039516e+00 -2.102189376517563346e+01 6.648265763289397112e-01 -1.453749288420465469e+01 7.380665995740448793e+00 -1.657113723039928210e+00 1.620305522571893775e+01 -4.961522428389364414e+00 6.720321044542825639e+00 -4.448470617841141284e+00
1.804610009901599454e+01 -1.938126027607028590e+01 -2.883439601115189532e+01 -7.209395200313849728e+00 -2.841659772743948409e+01 3.395609765968518268e+00 -9.732305805540478971e+00 -5.996038998491922539e-02 -5.718528932515524410e+00 2.291877496432606875e+01 6.025864679988184314e+00 1.127884027041985249e+01 4.969158370879946496e+00
1.821088597434411227e+01 -1.372760542239942971e+01 -2.376375413936650816e+01 -1.740261051751034627e+00 -2.161210628495771502e+01 5.764888998137188914e+00 -1.141797602274221468e+01 -1.874538825961208355e-01 -5.213083108730847570e+00 2.545426385259274227e+01 -3.715901579393773968e+00 5.328895129347065662e+00 2.256108137402702773e+00
1.829327292273790917e+01 -1.344122074135132650e+01 -2.766852914061131585e+01 3.251272586765089900e-01 -1.821306163084480545e+01 6.281038891507503941e+00 -1.094568170882894620e+01 5.138974945670987005e+00 -6.769323951432447473e+00 1.882375977588350935e+01 -6.713432547104182468e+00 6.596130131975870725e+00 5.175465587117723532e-01
1.847273669665084128e+01 -1.986611939333469223e+01 -3.246664514043151684e+01 -7.662576147766809953e+00 -2.438566964738409482e+01 1.325415717919496972e+00 -1.732375361022130633e+01 -2.502231087911218399e+00 -4.924862234208911893e+00 2.123485851517942891e+01 -6.788975541668578195e+00 5.425813426013721852e+00 -1.594467264312209753e+00
1.844287589355253942e+01 -2.121870524242153877e+01 -2.921479583659215962e+01 -3.078339533193087618e+00 -1.345929224069726615e+01 2.788164563906814220e+00 -1.342530117682386859e+01 2.116462411240901176e+00 -3.326117351735614847e+00 2.163872959302857524e+01 -2.286177447272238261e+00 9.194114398672919464e+00 -5.787063072531077879e+00
1.931471848549245607e+01 -2.208212005283652246e+01 -2.355951986322066105e+01 -4.529827444271552039e+00 -1.740496248368270926e+01 1.779876146342502352e+01 -1.067625145612275617e+01 2.008081010515939013e+00 -5.561834332891129939e+00 1.509752921536189341e+01 -3.044754113905067672e-01 9.638096626623209318e+00 -4.517514560688775660e+00
1.936525245963776243e+01 -2.667597675890101527e+01 -2.891437083431374688e+01 -1.140130099426758292e+01 -2.037118611857438211e+01 1.362967566824167598e+01 -1.070850307079146013e+01 4.404506518721023944e+00 -7.642698493202007448e+00 1.121905788278747274e+01 2.032462785272111550e+00 9.428004286538591572e+00 3.444358470480140877e+00
1.988175974827477788e+01 -2.979445008037190590e+01 -3.417707066680276995e+01 -9.052915427398277259e+00 -1.456171673601599359e+01 5.138983750809137163e+00 -4.860902054028045427e+00 7.739964788476610735e+00 -7.473714577905907319e+00 8.998013131882347082e+00 -2.803932051518569946e+00 9.786731059849518743e+00 -1.507830639531056560e+00
1.960240910079447474e+01 -2.451188951772039459e+01 -2.993452464650693301e+01 -2.483039689857748034e+00 -7.907988326201558671e+00 -6.209897061513460770e-01 -2.472511728125906583e+00 6.448777110919991173e+00 -1.322386657499832374e+01 1.179726954269248829e+01 -3.252336443232028085e+00 9.558179892279371259e+00 2.160319310953398020e+00
1.921951066703423905e+01 -2.824449004541990860e+01 -4.222412279852314043e+01 -4.866248754516978359e+00 -2.317191002477430573e+01 -1.105113762733063787e+01 -7.931703584159859766e+00 9.537601513991939228e+00 -3.887023125900867626e+00 1.518120509521632933e+01 -1.175855191653438991e+00 1.318070291813114636e+01 7.125554001088806544e+00
1.872075316253316402e+01 -2.038501673401865943e+01 -2.845146536333496101e+01 1.125783436491352774e+01 -5.820718994094850274e+00 -1.961140077131295234e+00 -1.585559957718435520e+01 -2.060421088168675308e+00 -9.695329488460455281e+00 2.233542921564257711e+01 -1.264254170804103694e+01 2.111271961259750185e+01 7.935107169045545472e-01
1.846786965493204491e+01 -2.191512043360994966e+01 -3.275502447874053047e+01 1.393329897825690056e+00 -1.110633274141662596e+01 -6.361922689303010081e+00 -2.489467748743382103e+01 -8.218058189457394747e+00 -1.977572596905858759e+01 1.671622199825143440e+01 -1.793895080576683343e+00 2.345374342847507876e+01 -2.998580729176035131e+00
1.831185347635085137e+01 -2.169729724063295961e+01 -3.475844201902655328e+01 -5.234452773305454443e+00 -2.134948632277681568e+01 -1.226230805294661685e+01 -2.036969697354870590e+01 -7.595205603589721299e+00 -1.200352148527725049e+01 2.104495256061898445e+01 1.033592738939595801e+00 1.674872537136775463e+01 2.579993854519332608e+00
1.819625911889613690e+01 -1.896092666321777997e+01 -3.084878714863786087e+01 -3.601852016448563454e+00 -2.041656188788179449e+01 -8.468032667769371358e+00 -1.310666863984622843e+01 5.258656870074013057e+00 -1.828919417976255790e+00 1.701424081590553783e+01 6.562319603522457356e-01 1.786967464400717276e+01 6.291951820240663018e+00
1.811337764264244043e+01 -1.935306553148182473e+01 -3.206178265947693973e+01 -4.214612376556301498e+00 -2.092915552822462288e+01 4.298511434817858246e-01 -2.386149453047846869e+00 7.466216568083171801e+00 -5.729190925059256756e+00 2.100561230823866765e+01 4.718556708742252859e+00 1.289945794529752021e+01 -3.882120419482093077e+00
1.820815716058669054e+01 -1.664630585380609773e+01 -2.609410556350145427e+01 4.422623607125851786e-01 -1.950601945666217318e+01 8.820026047828160021e-01 -4.456961106563355202e+00 3.510643357134580089e+00 -7.339257902044127313e+00 2.410969088374380931e+01 -3.304783114829858537e+00 3.382955395687216260e+00 -6.004593456318497502e+00
2.013623116357788589e+01 -3.103261385088779534e+01 -2.853105198979536539e+01 -1.257444154193373897e+01 -3.034552277926443153e+01 8.284647131341394299e+00 -1.046317221153082677e+01 1.448147295692186098e+01 -1.399609462159144790e+01 2.678180222617552886e+01 -2.963554145313504584e+00 7.648305827283281566e+00 -5.252005914416275623e+00
2.017504763754556407e+01 -2.517682812859773023e+01 -2.133557791984276975e+01 -3.718450246141612237e+00 -2.111993432975438623e+01 1.129152418707876926e+01 -1.027734721681567365e+01 1.439836017502319088e+01 -1.609520955450953394e+01 1.947409456145985018e+01 -3.706721536104389259e+00 1.555061489637977168e+01 5.049027122337054196e-01
1.894781672121335703e+01 -2.230803586424817908e+01 -2.514581752709374385e+01 -4.027737502092680444e+00 -1.730429206547904286e+01 1.679183022620693411e+00 -7.306540232796166379e+00 1.313577671617411902e+01 -1.006136122641975739e+01 9.905062410676899631e+00 6.955086549835689524e-01 2.216909328494407561e+01 6.921637853405206542e+00
1.857244942571854196e+01 -2.121444564704904323e+01 -2.783587920746524702e+01 -4.015660595259320509e+00 -1.757325536814119005e+01 -1.989344933839348961e+00 -1.066742842522705104e+01 9.808562711753022967e+00 6.515053446626956068e-01 1.700066248833537941e+01 -4.450790147063596436e+00 8.005133656660898822e+00 4.772833531781087713e-01
1.838901169468612196e+01 -2.262639284478581558e+01 -2.844906412337419255e+01 -5.403301071663305422e+00 -2.073021558574923873e+01 4.645850886509378164e+00 -6.770127980799069967e+00 1.862764141311154020e+01 4.242537620097948547e+00 1.504658343531374065e+01 -1.393967465067859068e-01 1.172309421829557152e+01 -1.258958668944025527e+00
1.963168746837774847e+01 -2.964292987096461118e+01 -1.807433163921223596e+01 -2.552813194132737884e+00 -1.681510393056753827e+01 -2.083510015465388499e+00 -6.053994551035193794e+00 -2.365959808574010559e+00 4.410286159452337706e+00 8.656298522633049330e+00 -1.064339383227111524e+00 1.516668579136288741e+01 -3.208193570997123434e+00
2.381381607811903578e+01 -3.734054022658417438e+01 -1.855876615559405352e+01 1.727168436660458051e+00 -2.758489639719444497e+01 6.804587406805815419e+00 6.359430876389984277e+00 -1.335965558828907218e+00 -1.856475266886840281e+00 1.794625436635154969e+01 -1.999177022207281240e+01 1.436596715672647839e+01 -1.008725131614823134e+01
2.384889712900078251e+01 -4.134851682632042014e+01 -2.390291223061050729e+01 -4.810518712557489529e+00 -3.231367547618467739e+01 1.521789363179853360e+00 3.196539625374530846e+00 -3.492067142794187617e+00 -1.205834263040262311e+00 1.963714809199930045e+01 -1.719941981941218145e+01 1.185500333977203624e+01 -1.290491592908370144e+01
2.280322625132561498e+01 -2.385345841904465303e+01 -1.056884292823210281e+00 1.361305601304652768e+01 -7.872851992462153170e+00 5.972288589380974955e+00 -7.031626218745008483e-01 -2.899988741001104486e+00 -2.411012015539170150e+01 8.071824692306563520e+00 -1.438861066737884942e+00 1.891043596747240585e+01 -4.201401729171187149e+00
2.149745667158488160e+01 -3.495356892466539733e+01 -1.938006155547551757e+01 -1.245664388502427045e+01 -1.818732410501099039e+01 9.353206495435312462e+00 1.381053522169638192e+01 6.943591675823403087e+00 -1.486647081936191661e+01 7.791901412033724661e+00 -5.162789578561961967e+00 2.288189545476444309e+01 -3.750594821622968311e+00
2.174997604059770495e+01 -3.644266381445341807e+01 -1.888845169674372571e+01 -2.469441020408145704e+01 -1.618383381933691467e+01 1.164686543452415002e+01 2.548786656219740365e+01 -6.295512281804793275e+00 -1.668508224005703866e+01 7.655116495392912057e+00 -9.601938655093603003e+00 1.667462053211826145e+01 -5.195752990584971975e+00
2.230148291297000895e+01 -3.141170620364915678e+01 -9.307878514426704442e+00 -1.638677903460484586e+01 -1.022633636658646417e+01 1.360999058084271951e+01 2.467703584854025323e+01 -1.300957817698404995e+01 -2.247895306488423017e+01 9.792807591500730879e+00 -2.225118940667089262e+00 1.646507154128729766e+01 1.750034200841428245e-01
2.305547943619423279e+01 -3.898252385378233242e+01 -1.219478482907825345e+01 -1.614878011446948491e+01 -1.668997626400792456e+01 1.938344584047193564e+01 1.431300686915978737e+01 -7.916661856046537160e+00 -1.421247244727314474e+01 7.135055926828267836e+00 4.946665785122799086e+00 1.196182281916545520e+01 -2.350530052732925590e+00
2.352067680240432068e+01 -3.179782639155083857e+01 -6.365170229050816086e-01 -9.582869904650630488e+00 -1.377651559769352119e+01 1.954294018908204578e+01 2.000777814720787084e+00 -8.761498108393025674e+00 -1.483148171190259390e+01 1.010353270744173670e+01 2.461797990429866800e+00 9.892637634786378698e+00 -2.401451358634732802e+00
2.396823106705827655e+01 -3.309105083156241989e+01 -5.548112879467241854e-01 -5.546813861048350169e+00 -8.054213178987934540e+00 1.996974945507145449e+01 -4.315699774097089936e+00 -3.328034433924723867e+00 -1.510744420135057453e+01 7.648456378277604273e+00 6.824087809111083480e+00 7.026631414453024860e+00 -8.279198727447992567e+00
2.436279389419802044e+01 -3.549451019420780540e+01 -4.054141827452692581e+00 -1.726229034733491208e+00 -9.482707006144426742e+00 2.293170157683561428e+01 -9.895649474256195122e-01 -6.902621880699774337e+00 -9.981972306252325566e+00 1.025607175254161163e+01 5.448376235625647546e+00 6.134074939546969141e+00 -1.312054205699630671e+01
2.424238730157818011e+01 -4.058156347816462528e+01 -1.074874562418660950e+01 -6.493973659461855341e+00 -1.586739033571266688e+01 1.849416250503277581e+01 8.144709046416673814e-01 -9.424477377404150147e+00 -5.899338541262624247e+00 1.178425831996336548e+01 6.773813029698906973e+00 4.067571552474647412e+00 -1.484330005178210854e+01
2.393446868773271774e+01 -2.415732981070913965e+01 3.745123983992500794e+00 -2.072973215934881264e+00 -2.574104801298901535e+01 4.980237729245591716e+00 -1.143302613966947412e+01 -4.387512724172769829e+00 9.918108418109481406e+00 2.207647580315069646e+01 1.916966951341889214e+00 7.709775500832447871e-03 -2.058942793723983655e+01
2.325022457453239610e+01 -1.886174867825743462e+01 -1.239961040549702131e+00 -3.437936828535232081e+00 -3.389195064177417294e+01 2.370226879684893539e+00 -2.070155814924594750e+01 -4.360084409201727240e+00 2.347429810818565699e+01 2.999085185898119477e+01 3.780475196606002619e+00 3.922790798754889785e+00 -2.348251769176717119e+01
2.287977631280543278e+01 -1.656538241973057168e+01 -2.711608258091018797e+00 -8.913629095952959602e+00 -3.086599128491424082e+01 -8.588328053052808997e+00 -2.209997588337887819e+01 7.109012291214174439e+00 1.459487060929461677e+01 3.145616243602973938e+01 1.066586161960220025e+01 3.143606467186789821e+00 -2.079532238958555723e+01
2.272401107804786946e+01 -1.550002997098301982e+01 -1.870479537822078875e+00 -1.006966892678296155e+01 -2.801349796218362798e+01 -9.401679618334268795e+00 -2.018760275319770159e+01 5.263714468854326256e+00 9.065823097184619428e+00 2.999806559544131446e+01 1.312718530864885835e+01 6.672813779290134306e+00 -2.094147817934694444e+01
2.265739117098173949e+01 -1.804886738257423318e+01 3.720522321383510356e-01 -1.196616018126287884e+01 -2.651641486901359812e+01 -1.958494321709324737e+01 -1.848117472214954660e+01 9.370579870823760871e+00 5.937833475809466854e+00 3.216171455032534254e+01 1.146456853261821252e+01 4.817970542953230684e+00 -1.237848635018061927e+01
2.257037040873213485e+01 -1.681480131925207999e+01 3.291963540058462812e+00 -8.993204908383134466e+00 -2.466176026477058159e+01 -1.923861785402528213e+01 -2.058091206514922789e+01 1.103522479694153446e+01 5.403321055881839641e+00 3.041554801178159551e+01 1.123407213331900323e+01 5.817441775993498432e+00 -1.186615020804063647e+01
2.227421657087782592e+01 -1.754485897170850706e+01 -2.286575130368953879e+00 -7.265904734168598722e+00 -3.228233227365435454e+01 -2.290754578248753504e+01 -1.731958644887820853e+01 1.485748885296145971e+01 8.523668894720513478e+00 2.302451084789382563e+01 7.133313615451976730e+00 1.239013897115094665e+01 -1.109835967111425425e+01
2.197702671739902769e+01 -1.656381271641502551e+01 -2.268783931300704104e+00 -4.851586034358203570e+00 -3.594587706491354595e+01 -1.769421452029448716e+01 -1.696084498959703168e+01 1.468185345370087269e+01 7.397795099690121390e+00 1.892434474071514927e+01 1.805787804630859128e+01 1.131243822385433972e+01 -1.521651727780221641e+01
2.164121921098682577e+01 -1.521245949652828244e+01 2.070224088146008778e+00 -2.451060651683508951e+00 -3.112410937615144846e+01 -1.451983638904746776e+01 -1.518513139494578290e+01 1.156444244901616791e+01 -6.149204858962323827e-01 2.372892150276312151e+01 2.393238333946302276e+01 9.141419486697952124e+00 -2.066317854405277288e+01
2.089639495597847585e+01 -1.273105135996879511e+01 -3.714550654869167357e+00 -4.110207396907924249e+00 -3.061717150467831061e+01 -9.031746653596098184e+00 -1.542365483789343372e+01 5.024433711916356238e+00 5.422239788174197272e+00 2.449699859614092290e+01 1.310006406795468337e+01 1.292089600209259537e+01 -2.014497775123183843e+01
2.083046823001570402e+01 -1.712693908901476902e+01 -8.917147425354555068e+00 1.968814264744171094e+00 -3.302906617558362967e+01 -7.295285119622142211e+00 -2.081415587098160813e+01 5.524375023259114670e+00 8.042587743133278622e+00 2.367948097383823836e+01 1.352744591221086168e+01 2.265938401896463894e+00 -1.651990849374879744e+01
2.093665255125791447e+01 -2.110735984675536159e+01 -6.584821716122678303e+00 7.580803508391290357e+00 -2.514953789399275053e+01 -7.120999444664552591e+00 -1.905614345532150011e+01 3.868571810389105359e+00 1.117019182857070803e+01 3.217182760229162142e+01 9.546911119099576126e+00 -1.667174864138154300e+00 -1.747903480954975208e+01
2.091523284940605620e+01 -3.402842475104156250e+01 -2.273528130929059898e+01 -1.099967221436565090e+01 -3.951645542535842281e+01 -1.766883642095489648e+01 -1.443169902175838182e+01 3.173614641694515015e+00 1.460502682923858941e+01 3.293290765251134644e+01 1.590781232336700235e+01 1.325764459814762297e+01 -1.327843132333284437e+01
2.044795465922951294e+01 -2.285937904696772449e+01 -1.037613061275150983e+01 4.038868507879610270e+00 -2.174532005648500643e+01 -6.475335727885239478e+00 -1.391964411103827004e+01 -6.282126889350829468e-02 1.134428805076189128e+01 2.522109658365725338e+01 5.239930333771805948e+00 1.137749060091602971e+01 -2.149961252892055086e+01
2.026976645079804840e+01 -2.687986329430802357e+01 -1.663708738997710057e+01 -1.958632096884031393e+00 -2.340360570004384044e+01 -3.049741749478842578e+00 -1.623172957876752776e+01 -6.510579067734248326e+00 8.224818374051423575e+00 2.419561617958481747e+01 2.885879710854949209e+00 1.158193730961396994e+01 -1.935269993479340300e+01
2.024747428215495404e+01 -2.755723213336397492e+01 -1.418616755989155109e+01 3.229156231547672284e+00 -1.916568222073966155e+01 2.064630272448876536e+00 -1.061936737211089721e+01 -3.645268283247275143e+00 6.879827913608686174e+00 2.844751473039389111e+01 1.103398455676660994e+01 4.593033289674562702e+00 -1.592361133883979818e+01
2.087674060885448668e+01 -3.033871233181862692e+01 -1.070580550675402520e+01 9.856792261028013868e+00 -1.913418813766451620e+01 2.687054200066173237e+00 -8.736095026254778517e+00 1.099420615476995344e+01 2.626393596822493293e-01 1.225724697838814059e+01 6.042619684827412740e+00 1.130771463905379726e+01 -1.028986348327437206e+01
2.257776240536734136e+01 -2.326523486286919606e+01 -1.330438528603865578e+01 -5.568506976743045733e+00 -2.670177949583787935e+01 2.265657007612533747e+01 -5.126849275906111281e-01 2.505853947322318476e+00 3.797513703988965705e+00 1.837286490391689142e+01 5.627370868543954963e+00 -5.804978624735181114e+00 -2.883124511695421077e+01
2.339770393149971284e+01 -2.466048030947081671e+01 -2.181179770528520834e+01 -9.371362519810390312e-02 -1.984564359557638369e+01 2.241477413743088221e+01 -2.652969198328207767e+01 2.710329552627412930e+00 2.599459734764702379e+00 3.527983538011137910e+01 6.636901605829197415e+00 -7.916359374210067301e+00 -3.130982289117463679e+01
2.381119525122645086e+01 -3.065316084066424551e+01 -2.755740274018407732e+01 -1.030949179552988682e+01 -2.085152120203909121e+01 1.746367027646934034e+01 -1.603218237400020740e+01 -2.495628665939599866e+00 -6.513843184387418939e-01 3.847547649476429399e+01 9.020538900857729914e+00 -1.784192661669131752e+01 -3.108411001714020472e+01
2.421319456405262116e+01 -2.796506883745272987e+01 -2.309341637615398923e+01 2.485251128666422282e+00 -8.355912202928879040e+00 2.217130878780072578e+01 -9.525759592737706782e+00 -2.913872728536135437e+00 -1.570974418649024651e+00 2.846155372950128992e+01 1.493691638598334315e+00 -2.133062413710969807e+01 -2.693971627900602073e+01
2.481718472343977311e+01 -3.054743451157670009e+01 -2.496950192658482948e+01 6.928106862552009027e+00 -8.691695143268134416e+00 1.972336831549105440e+01 -3.089463143613196294e+00 -1.044972500602820631e+01 -3.533714035140644416e+00 2.492678481983755390e+01 -2.624399288477277992e+00 -7.928931243578803745e+00 -2.172029548070843319e+01
2.516239442466028819e+01 -3.266029095913389568e+01 -1.824223342060535913e+01 1.358024595302019932e+01 -1.011860204673308417e+01 1.032383000114971061e+01 -2.759974897444657405e+00 -1.672498675289166670e+01 -2.022536489869880549e-01 2.831478014802067378e+01 3.077143526064590517e+00 1.185867764254461054e+00 -2.082789571897485104e+01
2.526885586629723690e+01 -3.471762826825135306e+01 -1.795544617059865189e+01 1.413188098084455291e+01 -1.482335424845864935e+01 9.619582370952912243e+00 -2.233474202473995973e+00 -2.010477532408320656e+01 6.870247205245234134e+00 2.512359686391943114e+01 2.408891200969452751e+00 4.850595806988071246e+00 -1.714332598579937894e+01
2.519412415352217138e+01 -3.540176966056778696e+01 -1.774724347381732414e+01 1.393019380104767713e+01 -2.299319413777223531e+01 7.064936466539643689e+00 5.286266781545321258e+00 -1.696529239003348621e+01 -3.388119740007110803e+00 1.448038012516656536e+01 1.067928215372810641e+01 1.466076150120833077e+01 -2.013470316449199515e+01
2.480134180165432412e+01 -2.575178315263147155e+01 -1.122545623607511089e+01 1.624469135512887519e+01 -2.164492885484920137e+01 1.095294999093240129e+01 5.584060989936163288e+00 -1.843122533319573364e+01 -3.805729040972967603e+00 1.622032660732126175e+01 5.566392013576922926e-01 1.969712521260978022e+01 -1.687234101857282909e+01
2.397817305526472964e+01 -3.066652664407738627e+01 -2.060084930895961008e+01 1.631036742887707547e+01 -1.984736080711138939e+01 1.444742436983706568e+01 4.887346689616867579e+00 -2.762512247496290030e+01 -9.092821686128997882e-01 2.615390429477401568e+01 9.652406122781640008e+00 8.240512710671840324e+00 -2.922043473571272187e+01
2.242961611652157927e+01 -2.404597247238264401e+01 -1.737183864966549862e+01 1.369326583885235671e+01 -2.242984363389270541e+01 7.151366456704926655e+00 8.837366936958581221e+00 -1.634511285420419924e+01 1.249905806581882217e+00 7.586372478183403878e+00 1.106429008296393057e+01 1.177104204888913586e+01 -1.532635400078537735e+01
2.162485774915730019e+01 -2.839550616356487112e+01 -2.174740115965618870e+01 2.105615092011931466e+01 -1.931080589273498305e+01 1.757107873109668006e+01 -2.588297294489578793e+00 -8.916936982986950255e+00 5.990369608394590095e+00 3.667448175948284650e+00 -4.541988819895662388e+00 1.368761717333774719e+01 -8.877061773302147074e+00
1.987669726352547528e+01 -3.367660319807799851e+01 -2.569730153784377791e+01 6.155077989233211255e+00 -1.953172636488321956e+01 -1.357249463328457084e+00 -2.005616511988050021e+01 3.757081539760431244e-01 7.517689225919218288e+00 1.149331132523908394e+01 1.498145299279288700e+01 1.588218507015593639e+00 -8.079042554768305351e+00
1.962205897921485587e+01 -2.468003605169715087e+01 -2.011354578138848481e+01 1.223831350179137978e+01 -1.564994696127037699e+01 3.408868779848630570e+00 -1.575669545091964352e+01 1.228754634542521984e+00 4.825418923217983824e+00 2.100866151633324819e+01 1.446198773625972223e+01 -2.324393619757729290e+00 -6.527340977601506999e+00
1.936154007614692674e+01 -2.853682030762741917e+01 -1.831934486399748607e+01 1.964820053026492985e+00 -2.665199552380352443e+01 4.121459432425229608e+00 -3.089482957585724665e-01 7.500546609139235876e-01 9.132654372521844532e-01 2.862034723125453084e+01 2.228542830932743968e+01 -1.053248815042591424e+01 -1.177775395041748752e+01
2.274424901289532386e+01 -4.049883861742570446e+01 -2.282134759992329265e+01 2.511214379529932117e+01 -3.127403434027943163e+01 1.108790901058351963e+01 -6.777519377228467867e+00 6.200243995030632504e+00 -4.599913707121281448e+00 1.698773215769328715e+01 -3.557107178260650926e+00 6.874470601518815727e+00 -1.691842073973259630e+01
2.291995165658430622e+01 -2.857272290886324484e+01 -2.486308521930050119e+01 5.927106584867198436e+00 -3.999007189593329059e+01 1.430152018127607327e+01 1.254260534624661805e+00 -6.532351161802536499e-01 -6.302787560379541354e+00 1.807420278351580123e+01 2.114541779595708881e+00 4.616113222687730833e+00 -1.862420237548051816e+01
2.278973593016831956e+01 -2.208885204840358085e+01 -2.550743561161640116e+01 -3.449027900241860678e+00 -2.574898003184577178e+01 1.628094594977017096e+01 1.781239496011160384e+00 -1.244498944525083317e+01 -7.126224789280553473e+00 1.228411856360758669e+01 1.604036824235869929e+01 8.438470196613526042e+00 -1.266224729362392587e+01
2.349312330758045775e+01 -1.421434413301073718e+01 -1.696384602155112020e+01 1.802351438162940411e+00 -2.770272800559727955e+01 2.457457299130411243e+01 1.440508140160867434e+01 -2.459401936872216865e+01 -8.959447258175007534e+00 6.025902365711081288e+00 1.902497304701102010e+01 1.395305043112505317e+01 -1.057304436560502303e+01
2.403874113806615753e+01 -2.472244849308883374e+01 -2.590062336146684885e+01 -3.246516874213014159e+00 -2.778810341461498012e+01 1.751308310587898021e+01 1.144164035821018111e+01 -2.737810364920998296e+01 -4.827868653422359380e+00 1.104901391271587130e+01 2.744625659746544954e+01 2.121324911644463995e+01 -1.528205373826093272e+01
2.431819916090944744e+01 -2.481588876122453868e+01 -2.706720784534363133e+01 -5.593272931762917066e-01 -2.373844448293340292e+01 1.585802316095251641e+01 1.562572097597839971e+01 -2.751955754561525680e+01 -3.139258207618229601e+00 6.841762268363118515e+00 2.178583215485684832e+01 1.860931474913348893e+01 -1.556433828989439228e+01
2.440871030780389361e+01 -1.661837382097450799e+01 -2.286756547755040359e+01 1.052240097304312805e+01 -1.899686700358802227e+01 1.237101414904830854e+01 1.570105612656669081e+01 -2.218059862938445548e+01 6.685702419186845269e-01 -4.533195539519884854e+00 1.263056525853319201e+01 1.745820804671058468e+01 -5.839777891601163340e+00
2.449058591362246418e+01 -2.387216228357640802e+01 -3.083870488454055803e+01 7.839938174578621854e+00 -1.833517857738522494e+01 1.936972041124661459e+01 1.191609156395252000e+01 -1.972870289789128151e+01 3.268197009355145344e+00 6.707463109428570824e+00 5.818548288894344722e+00 1.332443656323565051e+01 -6.103320174397690145e+00
2.454390302223267994e+01 -2.321279088994336348e+01 -2.873039264857471409e+01 1.251585918856240021e+01 -1.452218077360243775e+01 1.466676631506825323e+01 8.459081776923360607e+00 -2.066213463658768745e+01 2.239149263972447290e+00 -4.651119627382307442e+00 2.750351963009523004e+00 2.397103443360859387e+01 -9.505180523214475444e-03
2.446729809067150896e+01 -2.361589228754904113e+01 -3.004103551896959345e+01 1.337393314879676787e+01 -9.073249666521142842e+00 1.720194457503066232e+01 3.780466416332136426e+00 -2.727746931357627247e+01 2.890149323126949832e-01 1.501752867771028177e-01 6.655822867271584009e+00 2.253371764048421966e+01 1.154588209206201643e+00
2.438017342418700295e+01 -2.121292794472829613e+01 -2.941408086660273113e+01 1.011489895798469263e+01 -9.498610002735459190e+00 1.358482452011186226e+01 5.784225320245654167e+00 -2.103656899015336990e+01 6.317112700109666967e+00 -6.896729225927574758e-01 1.502833533289172685e+00 1.812360438969884768e+01 -8.633798289838569007e-01
2.445089649450667579e+01 -2.141275664464441775e+01 -3.100658026349299590e+01 1.213509589207760619e+01 -8.389858588856094812e+00 1.202917027080230028e+01 2.018657414906629644e+00 -2.249633555752310343e+01 8.123763684654091932e+00 3.561047821438475758e+00 1.278216196872164367e+00 1.750648043508451224e+01 -4.914118506015875409e-01
2.456607723596946258e+01 -2.356926358343998018e+01 -3.387819078669311068e+01 1.304967517186407200e+01 -8.105895049091802917e+00 4.987118732904961327e+00 4.620477723143356030e+00 -2.267426493188230197e+01 7.595163061728061216e+00 5.279034683946078665e+00 -3.503651653584122894e+00 2.293108421532889807e+01 4.752847794893939160e+00
2.468771632916109127e+01 -2.571665939123491285e+01 -3.550006657862605408e+01 1.244356452112421962e+01 -6.363892647419653770e+00 5.556937074629088258e+00 5.489424207775758013e+00 -2.467186468577722991e+01 1.442298755677294597e+00 1.318966940184197156e+01 -1.811763333755262995e+00 2.056593362937425340e+01 8.934409669399991927e+00
2.469073820530876162e+01 -1.906619658358198066e+01 -2.842455567818571183e+01 9.999100061829057751e+00 -5.290480711568371630e-01 3.516965960106702482e+00 1.852758777450276639e+01 -2.712859219533543254e+01 -3.184401957244333836e+00 1.181426963257768215e+01 -8.482514071993904281e+00 1.122784693330800110e+01 1.635260092342711502e+01
2.440234103939617682e+01 -1.433747910392649061e+01 -2.642961853964730068e+01 1.109617019345085431e+01 -8.192728982586672259e-01 -4.350811304536288837e+00 2.237008503534386961e+01 -1.901629894123250963e+01 -9.135732067616944008e+00 2.101269639281566626e-01 -5.183176209895262510e+00 1.547642971830275371e+01 2.092631887272792213e+01
2.389721675395435696e+01 -2.195789143878707250e+01 -3.865563018195001632e+01 1.436410683352243867e+00 -3.851988425032445207e+00 -4.778459228726650743e+00 1.922440593566676270e+01 -8.887161623526328214e+00 -9.284879353634506671e+00 1.384341185173438404e+00 4.619462927130253860e+00 1.340329530365508504e+01 1.123874538487554098e+01
2.340428970044700563e+01 -1.551117287813483614e+01 -3.994922026869654985e+01 9.275006927291084224e+00 -5.260966822734875592e+00 -1.519406644854110811e+00 2.053660147889070942e+01 -7.360421204704678644e+00 -1.498123729342897725e+01 -6.441519062954510488e-01 -6.286832905179423392e+00 1.970760836749199996e+01 4.657847393913964851e+00
2.279785276655395521e+01 -1.373227225434412446e+01 -3.492033536430149354e+01 5.805600861677413960e+00 -7.317591384379717567e+00 -3.344074374242678171e+00 1.789529317040339507e+01 -4.689669565604514645e+00 7.967217408433786563e-01 -1.010350663561205176e+00 -1.540104463344945707e+01 2.492707767123941665e+01 2.392706287347494243e+00
2.211639371045354352e+01 -1.178373674133018589e+01 -3.165393130010606626e+01 7.161690007675730385e+00 -1.047418520875777048e+01 -5.367325379124801898e+00 5.822835812424313140e+00 -6.343246693817075510e+00 4.127246782425356919e+00 7.800718372379823462e-01 -1.103242028752414683e+01 2.290804610708445921e+01 6.832827128530096772e+00
2.162144009397668043e+01 -6.976492799109528242e+00 -3.112584696220793745e+01 4.231363169554422043e+00 -7.615917383952692354e+00 -3.230152145109421280e+00 8.314248766511362021e+00 -6.463552414693507053e+00 -3.909794829373102409e+00 -3.140763606644604078e+00 -5.727891234658819108e+00 2.271698604159700707e+01 7.557131470114685001e+00
2.183469237899941362e+01 -1.288912973925188865e+01 -4.038970860151581377e+01 -3.808927039483952282e+00 -3.587811738816797824e+00 -9.166697030874887631e+00 1.224163492029134837e+01 -9.433478668932835376e-01 -3.115740407922254374e+00 -8.279786728394414652e+00 -9.098378689059268609e+00 1.315135683609880779e+01 7.280855662525590688e+00
2.247631424500712427e+01 -1.108709983731053583e+01 -3.898775182174182419e+01 2.454628780100468699e+00 -3.916198808766461870e+00 -6.213850014148220247e+00 1.766603304081424142e+01 1.162879902007393440e+01 -5.220070293530498340e+00 -1.761554727680097798e+01 -1.072181145176555539e+01 1.049989320091118472e+01 -4.511895942623580069e+00
2.294073023295858960e+01 -9.925719888418175429e+00 -3.960612033246861330e+01 5.357090428324844389e-01 -8.369276754476523195e+00 -6.074642745960443513e+00 2.281933229998295332e+01 7.341987543018726470e+00 -5.099588988460896033e+00 -5.687621926080483448e+00 3.217833362173900369e+00 -1.470556944833800728e+00 -9.040390906499709445e+00
2.320488088174637298e+01 -1.728222844150442583e+01 -4.574066660268254481e+01 -7.503398450695350164e+00 -1.297573064747639826e+01 7.607651241601212089e-01 2.756527216883943154e+01 -5.746306141100106402e+00 -7.266358098311538782e+00 6.904671456807902175e+00 2.183557454009407817e+00 -1.933810106871920897e+00 -8.977333235352420004e+00
2.357245246718877851e+01 -1.850646747942920101e+01 -4.285422175539191869e+01 -5.554704868955487207e+00 -6.905012628565120103e+00 8.096897644977333997e+00 2.799683049390230494e+01 -2.128228122037936032e+01 -2.398540697989135051e+00 1.665287209096416987e+01 -7.150848637328263813e+00 -5.587394172644576607e+00 -3.974467758198467759e+00
2.369979840545407512e+01 -2.343823450866633706e+01 -4.441397652124135931e+01 -1.963756702503049567e+00 -6.739446947564213808e+00 1.679471773111918154e+01 2.394410410930352384e+01 -2.711553399273488552e+01 1.759954746498104905e+00 1.273375762479767381e+01 -1.249231832510444740e+01 -2.122418733157407367e+00 -7.426423622491493681e+00
2.387036635023521214e+01 -1.467201873036873394e+01 -3.183139046924660320e+01 1.037583824590092263e+01 -9.908094667527498345e+00 2.281254664573328128e+01 6.119092683892492168e+00 -2.597424946096003140e+01 9.065837838207427168e+00 9.426817940557009834e+00 -7.021742956582981421e+00 3.357672618013761046e+00 -1.103087018569127764e+01
2.384639417071210943e+01 -1.843118283734903073e+01 -3.632289815822554857e+01 3.826166534442249301e+00 -1.768189350473188881e+01 2.912608463870455111e+01 6.012796739115009892e+00 -2.386944191679574345e+01 1.286302375947033028e+01 4.188255085591194415e+00 -3.170908775347237807e+00 4.748144363769007725e+00 -1.859569076480115868e+01
2.360049961582684475e+01 -2.341912866958702821e+01 -4.050591243755352622e+01 -8.668670026306582344e+00 -2.041107465559049672e+01 3.012828423528061705e+01 9.020496423974950773e+00 -2.057448127687814932e+01 1.409088681471449611e+01 -2.145099106686107593e+00 1.803559116569525000e-01 3.221400312757145001e-01 -2.034619899879932703e+01
2.297084003023184806e+01 -1.512461355563620380e+01 -2.441480400942436191e+01 -1.108200127313230965e+01 -1.519290105976364735e+01 3.197716961322523943e+01 6.792381766054770509e+00 -1.463302222015128606e+01 5.446311108911686460e+00 -4.279801514912755955e+00 2.270759400566200625e+00 5.170534741218990149e+00 -1.502959736711651928e+01
2.252366654934645496e+01 -1.531986277851201628e+01 -2.434627383462026984e+01 -1.427199623614856172e+01 -1.850638864328272248e+01 2.818896805454535937e+01 5.922177168999800401e+00 -5.483971722986714425e+00 1.014604689319162700e+00 -1.337667558176822480e+00 -4.740218809753506513e+00 5.490978761489500926e+00 -4.206143638046695443e+00
2.227668393809774017e+01 -1.505905946276049967e+01 -2.101252491224508390e+01 -1.298453572416233115e+01 -2.194891001857103774e+01 2.756842068549245539e+01 9.845469980544377719e+00 2.978469344480066727e+00 -6.865345566930806775e+00 -2.927201796876378825e+00 -1.063819408059771909e+01 1.323574545057074658e+01 -1.094128358819837832e+00
2.201480894985561676e+01 -1.199329315902898330e+01 -1.394996725938721127e+01 -1.528047944638104205e+01 -2.394128084746996876e+01 2.335508394974976909e+01 1.055438617830700920e+01 5.161415750904752464e+00 -2.809555755526969012e+00 -4.256216449947960889e+00 -9.908463807345912144e+00 1.227942825202837263e+01 -7.833362236601155715e+00
2.175107843187182510e+01 -1.533741077053164226e+01 -1.396325176019373160e+01 -2.181745298503199137e+01 -3.213784632845015921e+01 1.761024632763488995e+01 6.014663511694100073e+00 1.603168181862512043e+01 1.869352076386518124e+00 8.463699547724807815e+00 -1.037369021498139432e+01 -3.973255640606484285e+00 -1.353630925627531134e+01
2.193018204050155262e+01 -1.227689487822854097e+01 -1.199229751009429279e+01 -1.792907730877639949e+01 -3.473817523196084522e+01 1.251176942130304326e+01 1.530513826609566808e+00 2.362091905095127231e+01 -5.231654235608501624e-01 1.158107975991923766e+01 -9.651513928447263524e+00 -8.682168232768491478e+00 -1.309277407649302383e+01
2.182731770346935818e+01 -1.226004804085392053e+01 -1.198717663159449742e+01 -1.616294945694832919e+01 -2.914923938093134126e+01 1.078406063843873675e+01 -1.523745279645808637e+00 1.967693224012270647e+01 5.206844101238385036e+00 1.150278778251089129e+01 -8.515963317352397866e+00 -1.654413949776922266e+01 -1.639267602436680704e+01
2.146187251394898610e+01 -1.177195016865802479e+01 -1.035031212515507448e+01 -1.284745317769671580e+01 -2.664434274814425407e+01 5.515150048709759112e+00 4.094839293441416284e-01 1.160879637990202440e+01 1.009127158016345227e+01 1.012871217069546859e+01 -8.303945751764528538e+00 -1.464981101788855256e+01 -1.168612169627707686e+01
2.086590702710596901e+01 -1.907638854557805530e+01 -2.067032240718988234e+01 -1.601264215068269792e+01 -2.548135786795398516e+01 2.534568743237076482e+00 4.614719139183500296e+00 2.754660409324674930e+00 8.142479855517509080e+00 -6.824833529587230885e-01 -7.400042750247667556e+00 -5.664133950385688565e-02 1.129879951451617792e+00
2.041462082029130443e+01 -2.179653980725436568e+01 -2.058876194653250025e+01 -1.343230079973202784e+01 -2.417756206814769371e+01 -7.163867906539953090e+00 -5.402847916094171588e+00 -6.303012329764686505e+00 -1.372025301419977639e-01 -2.360199878276945551e+00 -1.147137395226690115e+00 1.262224612921401956e+01 1.192785118919004894e+01
2.049775093744923993e+01 -2.120938169942712648e+01 -7.006338461986043598e+00 -8.707296550525553513e+00 -1.477988230762050925e+01 -1.452281866868895266e+00 -9.625738229337079233e+00 -1.070444398377741990e+01 -1.442282978436364216e+00 1.152533537217095194e+01 -5.503204429637085227e+00 4.033070617702715133e+00 5.938275396862959798e-01
2.113709526789349624e+01 -2.574121609549473177e+01 -1.251317733780304486e+01 -1.915345591081234033e+01 -2.808636750280244598e+01 -1.821405548250007556e+01 -2.184015897595859812e+01 -1.698622889860957130e+01 -1.015961712739846057e+01 1.349559233915863565e+01 2.484400824777091898e+00 4.223736875089262099e+00 4.949050590653079618e-01
2.233699068973900026e+01 -2.957605074949501756e+01 -1.679210992515745815e+01 -1.710473420482399831e+01 -3.725743163531288360e+01 -1.280807546533821650e+01 -1.880786360471621066e+01 -1.625095153133031900e+01 7.219890414024663361e-01 2.359253478746521182e+01 2.289640316033966627e+01 2.379880657214690132e+01 2.324979409329654967e+00
2.293564533749774981e+01 -2.248836025564565233e+01 -1.320615721254777064e+01 -4.573869507381582267e+00 -3.113173269871570170e+01 -5.763487970899928037e+00 -1.258786707583146658e+01 -1.283413099912457511e+01 3.945570043257950577e+00 1.237556364752606264e+01 9.733011976577147450e+00 3.148857271200348862e+01 4.158048514554437247e+00
2.336124200358938552e+01 -2.305829197784481366e+01 -1.314078796814327887e+01 2.063218217195099957e-01 -2.977602294759921264e+01 -1.862098274611599713e+00 -1.138997686617838845e+01 -2.061340352981494917e+01 -2.893288663768407876e+00 9.309788848419408680e+00 1.356621055842581569e+01 3.557960758479650565e+01 4.826097390660707198e+00
2.388125998818945206e+01 -2.483241518301309370e+01 -2.357678154430087147e+01 -7.556261968883177360e+00 -3.317553131090603813e+01 -4.316465155727996716e+00 -5.071348935794145696e+00 -2.383970343729014019e+01 1.937209270004675243e+00 1.213826503864831174e+01 5.706050976118226536e+00 4.139431286314258074e+01 -1.033621169908067294e+00
2.415409987315868889e+01 -1.920290760910252459e+01 -1.382915890186050056e+01 4.442116574318322186e+00 -2.336132107840586514e+01 5.622738215585325605e+00 1.068676765198853573e+01 -1.889019118809663311e+01 3.671576838485873573e+00 9.759957481817076452e-01 7.456194535907486598e-01 3.550600011166751813e+01 -4.255035556157597654e+00
2.428280922478102255e+01 -2.548003033772259229e+01 -2.041079779401844618e+01 1.698119387899938548e+00 -2.496920316718487953e+01 1.065662399247903913e+01 5.993783529728346160e+00 -2.876204391339274835e+01 -1.946014622074747846e+00 8.297649471228988105e+00 1.398468697390904580e+01 3.095304009034535397e+01 -5.752209880364990369e+00
2.450414228405888295e+01 -2.568579468211152772e+01 -1.775045398648620676e+01 1.131949434718946934e+00 -3.270096709382325884e+01 1.318107005427586742e+01 8.780196197367670763e+00 -2.216287072622231946e+01 2.512292224599271151e+00 1.569896874274085086e+01 1.510662857972907069e+01 1.737896609276026538e+01 -1.211078145198674960e+01
2.450246192191653449e+01 -2.763919337164160694e+01 -1.798388634929970564e+01 6.099545519363090973e-01 -3.573801917693956653e+01 3.837861173523470004e+00 4.158956022098813099e-01 -1.833555229194075409e+01 1.007757115990697905e+01 1.316226582204577156e+01 2.272276939734441825e+01 2.675078606041994789e+01 -2.140066706843121125e+01
2.397015355487687671e+01 -1.927338114187543283e+01 -5.050637844181424363e+00 1.104830770706622545e+01 -3.782780910152386866e+01 4.222566122984408032e+00 2.425400670173304185e+00 -1.302574415177441480e+01 1.068041667009191009e+01 -4.918470874677861815e+00 2.174641010793762419e+01 2.089052417289966002e+01 -1.366716219844919422e+01
2.183246798028662994e+01 -1.724547515560218258e+01 -8.309315776506707607e+00 2.819400157475291380e-01 -3.287706296401859873e+01 2.296462122890323254e+00 -1.330999497398593512e+01 -1.414712556929210230e+01 1.454764734830725637e+01 1.163812537036173644e+01 1.590877603960652564e+01 9.075682509869135828e+00 -1.039307554168403236e+01
2.045829107084538023e+01 -1.878175412261649058e+01 -1.813930013806977115e+01 -6.139731193606491999e+00 -2.285429705636515507e+01 -3.328398149918968318e+00 -1.043890652352538595e+01 -2.475820625314157652e+01 1.165203502715423234e+01 1.377240058050970539e+01 2.179078587135939671e+01 2.641421386421004769e+01 -5.288450531398916077e+00
2.036837960500643518e+01 -2.027411081811652238e+01 -2.955735075480633611e+01 -1.221322522229048957e+01 -3.248066917730474046e+01 -6.998540129139814603e+00 -7.386834369424530422e+00 -2.845099551406576310e+01 1.480738035613021175e+01 1.735258345608896491e+01 3.053481433517961463e+01 2.180719411831074339e+01 -5.924612371177337522e+00
2.042150263491278395e+01 -1.570312182973605886e+01 -1.660123042192670795e+01 2.029034877677655668e+00 -2.229749886283564209e+01 -5.180757293635496197e+00 1.970461338916900562e+00 -1.425764144014037171e+01 3.995890423502920008e+00 9.973920502840563529e+00 2.258346521914906901e+01 1.569901310449681375e+01 -1.597537398861077662e+01
2.212233022778632119e+01 -2.348493254247350137e+01 -1.650011340989549424e+01 -1.512284393514496017e+01 -3.374205095009521216e+01 -4.312263370996221035e+00 -2.213695761685527952e+00 5.312352965733015076e+00 1.002898268102703305e+01 1.517246171331837168e+01 6.023994121272926439e-01 8.314890666346890669e+00 -9.573570490990455539e+00
2.321485953852123885e+01 -1.899333702306249450e+01 -2.138705410379730942e+00 -6.310888075236774419e+00 -2.099218699594285198e+01 -1.356626020896312124e+00 -3.114544892028799250e+00 7.293243260834145758e+00 7.022939688803169211e-01 3.559165742917110631e+00 3.442894818931600653e+00 1.561412749856866711e+01 6.187182086853619811e-01
2.395473269076833134e+01 -3.083563049401726275e+01 -1.503908331225711414e+01 -2.293492155859948056e+01 -2.730724269303347285e+01 -5.656057788567943945e+00 -5.280366450583237281e+00 9.382015010474798800e+00 2.279164602014699947e-01 1.514760222812081025e+01 1.144701596257686127e+01 1.963295999303305450e+01 3.967821681486191743e+00
2.425906178120956014e+01 -2.434389837320185279e+01 -3.057825108141039472e+00 -7.556836288485642150e+00 -1.052213552845660161e+01 3.391132747142489912e+00 -6.963457501015201778e+00 2.935475661438474493e+00 -1.737016907158021084e+01 4.324996309317482357e+00 4.689139671215532879e+00 2.396497897791646281e+01 1.854981564159841767e+01
2.427713274215498274e+01 -2.798937735039971031e+01 -7.136718986372661000e+00 -1.166841631905554344e+01 -1.572550689227230691e+01 1.410159136787128276e+01 -2.401665015268102721e+00 1.595818782205257191e+00 -1.309309772415908313e+01 8.698737588314132907e+00 3.432682114102004967e+00 2.006271072070549621e+01 9.634545526266874660e+00
2.398948142290506169e+01 -2.850520076061016894e+01 -1.034778178849050612e+01 -1.137854813066053516e+01 -1.943047098169620313e+01 1.266271739530418650e+01 -1.259765365739285770e+00 -6.036872453816148010e+00 -1.215326898973018643e+01 4.827810483972665878e+00 3.431769166352081513e+00 2.011452360385853666e+01 9.756199510911590878e+00
2.399565536789227238e+01 -2.994668881904738100e+01 -1.927517881277147538e+01 -1.138116290284084364e+01 -2.853689476378306367e+01 9.556171184356278658e+00 2.588799461153836745e+00 -1.122831710332349608e+01 -6.020999851730389096e+00 6.927547144053946226e+00 9.771657431903120639e+00 1.825442512868413658e+01 1.306830444329632357e+01
2.428002597604464796e+01 -3.023603849718930903e+01 -2.643496294794562829e+01 -8.314126982577350944e+00 -3.317788681854543853e+01 1.300527129652421188e+01 2.232076036280872255e+00 -1.425551366154702393e+01 3.677873068722431693e+00 1.091628493269086420e+01 -3.113802460897481694e+00 2.356708029123378623e+01 2.288251748480860215e+01
2.471245108896066967e+01 -2.330667955827206939e+01 -1.991279421017226170e+01 4.992522566113231974e+00 -2.589506166444320456e+01 9.372407944622535680e+00 1.147689261731658128e+01 -2.415943055744812185e+01 -5.179808624471240464e-01 6.217497488307405007e+00 -7.664845368478821364e+00 1.625198444502805728e+01 1.697721455664199297e+01
2.503257227132387186e+01 -1.915543449172673718e+01 -2.078110836499599756e+01 9.769044463423286473e+00 -1.611422405528535862e+01 1.082875670626069997e+01 1.279068625435599138e+01 -2.743662105755348435e+01 8.336444150225090777e-01 7.788340108611091495e+00 -9.755479143160419753e+00 1.046534461215207656e+01 1.450353265385885138e+01
2.511236404733003269e+01 -3.322796595949955645e+01 -3.401874524557978674e+01 -5.940393338652766531e+00 -2.981938112934265916e+01 5.589941504051335608e-01 9.712433123324510476e+00 -2.588381554121714956e+01 4.524061044682419208e+00 1.978301785143388969e+01 -7.078998370845051014e+00 8.311572598193690098e+00 2.130712123152390092e+01
2.502034554764211549e+01 -2.257762274652521839e+01 -2.115790381900800909e+01 9.583387491825508420e+00 -1.407290428978679664e+01 6.349109780047132112e+00 1.432807259564132352e+01 -2.852034170528693124e+01 3.614160058472230652e+00 1.367676319535232388e+01 -1.637524628704021978e+01 4.786454468063263690e+00 1.990036518355488226e+01
2.506523175569713047e+01 -2.898505342982817368e+01 -2.816006844098193085e+01 4.306707422368705629e+00 -1.816991001794412597e+01 5.411389382434776074e+00 1.212340714609694281e+01 -2.977859619380057410e+01 7.581801268532736948e+00 1.252008965280824526e+01 -1.394283331264369785e+01 1.351092372407535791e+01 1.539103628730490492e+01
2.487739020638266396e+01 -1.907999178124299888e+01 -1.975851901008525857e+01 1.010989016714392008e+01 -1.914200104629362897e+01 2.106962841847203194e+01 7.062753255238911620e+00 -2.653107545252058586e+01 5.357941022560426703e+00 5.932123048158825185e+00 -1.988461210150690306e+01 1.489932336327604645e+01 8.261192851379352220e+00
2.436602519491935936e+01 -1.721517943851437238e+01 -2.316688590137194836e+01 1.030323481142122510e+01 -2.222784048662582990e+01 1.686871959384387765e+01 2.591168285736953791e+00 -2.354847479627604301e+01 7.514087715074690976e+00 1.221941861665667567e-01 -9.490175328633812413e+00 2.242075918700900417e+01 8.049646476147845675e+00
2.359077780958318371e+01 -2.464482348976105186e+01 -3.251427774783687852e+01 -3.556059848499482090e+00 -2.944206144748133269e+01 1.323332103074867305e+01 -4.253380734235656213e+00 -2.389798594514353169e+01 2.110967992418550931e+00 1.720391194126326573e+00 9.520903971292829837e+00 2.482249086691591344e+01 1.037967497413804097e+01
2.260499935878263500e+01 -1.202150033380409688e+01 -1.891280399317865601e+01 -5.172594984838854160e-01 -2.289349184551537775e+01 1.353086396653858436e+01 -3.547513858729641756e-01 -7.231356838040790436e+00 1.215891815253841379e+01 -6.573827173590072626e+00 9.188503219066608552e-02 2.244701728696597343e+01 1.716299468527364702e+00
2.159551766600936773e+01 -1.392868288372505781e+01 -1.432411401063534484e+01 -1.378452034140436488e+00 -2.648534035755109173e+01 9.838469180150781312e+00 -7.435369294697999343e-02 -1.719393203475751619e+01 -5.698552257109529506e+00 3.215109589553541092e+00 1.325588669626833216e+01 3.124179326024259495e+01 -5.684448989860186430e+00
2.126262391173690247e+01 -2.113007665624075315e+01 -1.964064198584162568e+01 -4.758162229617775019e+00 -3.966556700616355613e+01 -9.979583740758604105e-01 -1.226612258449485005e+01 -1.526511904517388807e+01 1.684859135410187392e+00 1.331256905226097587e+01 9.346326611719742772e+00 3.097928912717557992e+01 -6.156531841192030008e+00
2.146653617951719184e+01 -2.289314813697776785e+01 -1.162686640800154514e+01 -2.619836470369388604e+00 -4.049126546964149043e+01 5.151927105760642611e+00 -6.781665705310873982e+00 -6.595581745903642990e+00 3.058036235775367095e-01 7.805650542005776238e+00 -1.092387753784264115e-01 3.466168493983291654e+01 -6.426614168821403794e+00
2.166844837219887765e+01 -2.837614393381197431e+01 -1.324345291097104926e+01 -9.250676306806150606e+00 -4.365283433480409059e+01 5.867694580694049478e+00 -1.121421327785876088e+01 -6.058973700647700689e+00 6.817253386915949065e+00 1.201781949593426013e+01 -2.732195059833621098e+00 3.440782762012310059e+01 -5.932837875577380515e+00
2.204109343548408617e+01 -3.152281523798148299e+01 -1.478315986477291766e+01 -5.963295724363894657e+00 -3.896724780641574881e+01 1.579091459859804480e+01 -2.694432306407688049e+00 4.744557947494435490e-01 7.769184819421305122e+00 1.493976126973984719e+01 3.788161944296999928e-01 2.542322502796648820e+01 -1.117274635426481666e+01
2.218449627667300206e+01 -3.080286737388663454e+01 -9.193818441777384720e+00 5.381758957272976929e+00 -3.082944221730451773e+01 1.964834340028192372e+01 -7.959177300695468027e+00 -9.778228215746244345e+00 -4.112515317509698676e+00 9.913569464185256308e+00 1.656299671871865220e+00 2.443576157525850334e+01 -1.549035170951293061e+01
2.213393636114586016e+01 -2.807999354725940222e+01 -5.470097559471698290e+00 6.060328549049960323e+00 -2.865498435679652189e+01 1.909445837446977023e+01 -1.318703568018363859e+00 -7.109629785233112287e+00 3.147825488681909256e+00 7.246394946914111124e+00 -2.229206506745523342e+00 1.442443121784701354e+01 -1.536115454732984453e+01
2.197973794193683261e+01 -3.123629242005394246e+01 -9.681582418542440394e+00 1.623152915993074430e+00 -2.851374024843569543e+01 1.539508480475155672e+01 -7.384399945069832327e+00 2.114748514653113975e+00 9.186016498140606501e+00 1.139625190588828474e+01 -3.105960322589492950e+00 9.373964635641000243e+00 -2.152286774021087012e+01
2.194612025722628701e+01 -3.295707195590215122e+01 -1.190292757789469924e+01 -6.549876082864483529e+00 -2.937624917929693780e+01 1.645083195129740616e+01 -5.442476925122787357e+00 1.195876407260262120e+01 1.813409384889228981e+00 5.557429429024263179e+00 -4.655393624888867876e+00 1.281886091621117174e+01 -2.096068589880329469e+01
2.161884167168332738e+01 -3.687888978132163231e+01 -1.999251589846871369e+01 -1.569645458347401323e+01 -3.800772062652793437e+01 1.397114260339363589e+01 -1.111655166751828894e+01 1.273513574714878338e+01 -6.647572981583746099e+00 1.718636985292841501e+01 -1.165527232448991368e+00 1.389263681901532976e+01 -2.169576378331246502e+01
2.157972782514965715e+01 -2.565903926292763160e+01 -4.313526713164430149e+00 3.969068070659594882e-01 -2.334958095353015040e+01 1.814816047349636818e+01 -1.950495540968196106e+00 5.421147697297089785e+00 -7.281846366768540690e+00 6.439878465478778402e+00 -6.113689124140377018e+00 1.074738626028648270e+01 -2.372304800401073166e+01
2.222794027403137562e+01 -2.856246944109617658e+01 -1.146108793783041158e+01 4.535246035422664690e+00 -3.238944623454698757e+01 5.362673580445353139e+00 2.651074563460365519e-01 7.011597008416870835e+00 2.825503957577644609e+00 1.475497218254890441e+01 -1.706130730375249982e+01 1.413448869924273055e+01 -1.527664515946610280e+01
2.238217708724663169e+01 -3.004131683615543480e+01 -1.418666995117059315e+01 3.902272881258190829e+00 -4.032388550562057361e+01 6.488062614744972700e-01 2.869855752710930741e+00 9.081385094287911741e+00 -1.113554717283553819e+00 2.254313245975030000e+01 -1.473229551136389581e+01 1.020735863164244961e+01 -2.145798700216050392e+01
2.200216678302918183e+01 -3.075056826473346661e+01 -1.747736765147297788e+01 -1.518976767884800683e-01 -4.184355012531165841e+01 -5.764039202209035651e+00 8.586314412995191603e+00 1.501723772420255187e+01 -3.647391366921264311e+00 1.899840591122539379e+01 -1.222007043981454366e+01 7.380440045133143556e+00 -1.802728681860648763e+01
2.094041323096803353e+01 -2.624637784142185382e+01 -1.423214791750083030e+01 -4.075661814738091415e+00 -2.935256341567845340e+01 -4.200910473825243407e+00 1.990583434933685059e+00 2.371591717903814001e+01 -1.229592546041769729e+01 1.607647555347718082e+01 -1.066534875833546891e+01 -7.613727772605557220e+00 -1.729722781117149921e+01
2.048158976834142564e+01 -2.583631694859090189e+01 -1.505793916614618588e+01 -1.454520217041715036e+01 -3.430447687294336845e+01 -1.484179374640791638e+00 -6.787893284987765341e+00 2.281898908351618260e+01 -9.333885586427355108e+00 1.469031640584614351e+01 -1.521258702292737297e+00 -6.341116439857639620e+00 -1.440639414987577993e+01
2.031245960818860041e+01 -2.094480053481362347e+01 -1.025234563255957276e+01 -6.482883664870274565e+00 -3.223659644632873977e+01 -7.655943357999145382e-01 -1.386657433594342947e+01 2.770462919560659287e+01 -1.114462255911764821e+01 1.920332891486396676e+01 -8.566094113336818694e+00 2.215491833728215454e+00 -1.885765800091393274e+01
2.009062756479872647e+01 -1.984187085937109885e+01 -1.633832655167183390e+01 -1.031158419957474059e+01 -3.305123694791839739e+01 -1.379442917824182269e+00 -1.931803578563897261e+01 2.027591756733962214e+01 -3.071392810617936231e+00 2.076421875115961058e+01 -5.802731970468150813e+00 2.848846952896990192e+00 -1.840241748034659608e+01
2.014351554506305320e+01 -2.134739283297994561e+01 -2.399096630266049601e+01 -9.868352019350293602e+00 -3.301059635483767352e+01 -4.399875009665603187e+00 -1.633448129954653183e+01 1.538789041026574722e+01 2.188310501371041328e-01 2.301429631716729673e+01 4.985877228571459874e+00 -5.383336815001902309e+00 -1.917814206466208304e+01
2.014425280170368993e+01 -2.051440590348354576e+01 -2.482510806884145538e+01 -1.303816735890117329e+01 -3.484925545192886176e+01 -4.504411100678642477e+00 -9.232544276662892457e+00 1.041432256891422981e+01 -5.779066247245493670e+00 2.088788591737356271e+01 -1.541620789198733021e+00 -7.413472420850402145e+00 -1.567943133943007261e+01
2.010957439614134046e+01 -1.535601150034444196e+01 -1.593840539667457890e+01 -4.528977322331048327e+00 -2.950477110626604116e+01 -6.192404825997314260e-02 -2.750510296636355267e+00 1.096027221836668275e+01 2.842524322630166633e-01 1.965485976226753806e+01 -8.701088256914609076e+00 -6.495579726888404792e+00 -1.367743035578654620e+01
2.027676872435817401e+01 -1.505060659811794466e+01 -1.451093281969934878e+01 -3.920051058365419561e+00 -2.793750205613128301e+01 5.132161637682154387e-01 4.154308054668597983e+00 3.822764363925367004e+00 -2.300247911073035834e+00 1.880462767614575625e+01 3.907337351864876407e+00 -3.903151087268479369e+00 -1.489371095135156686e+01
2.039868782889824317e+01 -1.649664481931268512e+01 -1.886068771206318218e+01 -3.566026436046940251e+00 -3.143306867023375872e+01 -2.761327964926775902e+00 5.456031324872511412e+00 -1.199813188307483847e+00 -3.296882702028519407e+00 1.971502553638818256e+01 2.140153836372875595e+00 1.321005256533151373e+00 -2.287757092461317043e+01
2.038314832938340260e+01 -1.699335216731468989e+01 -1.761137280325515064e+01 -6.051590889506502258e+00 -3.056176236534558299e+01 -4.393779254910779919e+00 3.631798883232307151e+00 -4.920505047936722498e+00 1.100719339342665970e+00 1.797640329725777875e+01 9.886122060278735857e-01 2.557024520054180350e+00 -2.023665239848312325e+01
2.041036259100112815e+01 -2.005957832289324472e+01 -1.874486586098182883e+01 -1.609528941105025623e+01 -3.287115161769517613e+01 -4.217219285955406072e+00 -5.570114670674144008e+00 -5.593378438722669266e+00 4.178669120325672282e+00 1.855141935717513846e+01 6.085586169747160268e-01 -3.795225973379615425e+00 -1.237548744845725146e+01
2.069188345178567445e+01 -1.922775396115729762e+01 -1.154769712448097430e+01 -1.810302938598577072e+01 -2.428687452920101464e+01 -4.342164996832947210e+00 -1.441855775224991421e+00 -8.061157198241551969e-01 2.048853442493963950e+00 2.358861759141523606e+01 4.265956658621552933e+00 -4.790051098039757593e-02 -4.330715781564439482e+00
2.099097108966208580e+01 -1.936106650221024239e+01 -5.912815136841650165e+00 -1.628102247598956609e+01 -1.953199350663775391e+01 -7.134016383100284742e+00 -2.246625048212104458e-01 8.470061745340160542e-01 5.370584525062458425e+00 1.946280175728296058e+01 5.640420344194961189e+00 8.213356185602584958e+00 -1.274030771577116461e+01
2.133558509133325387e+01 -1.867109340538822693e+01 -1.556628211141677154e+00 -1.188859064375635732e+01 -1.682302139101895477e+01 -1.212495064253188737e+01 -2.330980123646611446e+00 -4.400050853862373046e+00 4.745850828104697605e+00 2.175182865442068092e+01 8.052505748929071672e+00 1.349118465836818004e+01 -2.102792893398460095e+01
2.202299815693156049e+01 -2.239237545629638504e+01 -1.232572638158223599e+00 -1.446406389883707178e+01 -2.925749656813262334e+01 -1.229969234934983469e+01 -4.285611507662169473e+00 3.396270510864604297e+00 9.424000685273522748e+00 2.880443997489359376e+01 5.834513560123517628e+00 7.942736593984824900e+00 -3.025000699399840798e+01
2.247925085725074013e+01 -2.438762261950635235e+01 -8.083797748053278553e+00 -1.400829867050003052e+01 -3.397364432463504613e+01 -3.658638584872104804e+00 -7.746348681419678250e+00 4.164451312335011868e-01 8.800803215302721583e+00 3.789107190071485576e+01 7.939452543430577158e+00 -2.005695023406627531e+00 -2.287248574132495804e+01
2.270546801227353839e+01 -2.358005504479254100e+01 -7.230676076128041530e+00 -8.774277702541940727e+00 -3.684793182092038677e+01 2.945728763451206156e+00 -6.883844625133026085e+00 -1.968332850974720216e+00 1.425584113877317627e+01 3.378380214299538409e+01 1.064879003111478717e+01 -2.477899490448239650e+00 -2.145306703595367281e+01
2.253552555631535270e+01 -2.195222601777390636e+01 -5.725479831608348391e+00 -5.250877183327050446e+00 -3.855324184524936015e+01 8.097763917163080194e+00 -8.272966821286942718e+00 -1.913305849463773578e+00 1.325137736446486869e+01 1.829554557590419250e+01 6.772759767784168439e+00 7.530203430493173755e+00 -2.314650237765306073e+01
2.255335983954998724e+01 -2.508714202886728373e+01 -7.383227037079580057e+00 3.047046617129742785e+00 -3.845684233644088579e+01 4.933052978995165816e+00 -1.160872626487068970e+01 1.122075117269497380e+00 1.116812638721183149e+01 1.559458363645340029e+01 -1.351825147597192522e+00 1.127659829791619472e+01 -1.963753249347190177e+01
2.327146930702406635e+01 -2.710631887746124136e+01 -1.778922123071585304e+01 1.830766786688509740e+01 -1.713590022023452875e+01 -5.259223346114582753e+00 -3.063612321338843980e+00 7.383004077910197083e+00 1.900295655332384648e+00 1.900325056358723685e+01 3.453999087283648795e+00 -3.137863519698595116e+00 -1.680143907325906127e+01
2.381109572500859528e+01 -2.828923811171706859e+01 -2.470108231272905641e+01 1.070952669729744144e+01 -2.327416491526414433e+01 7.476794855344770951e+00 -1.210972368083257589e+00 3.689862295563774097e+00 -3.871847596732595154e+00 5.552017609291792333e+00 1.387194471528218642e+01 -5.586764048305710162e+00 -1.037399838350623327e+01
2.403832487086941683e+01 -2.212378866340445427e+01 -2.721563998018215713e+01 -2.527945121501474990e+00 -3.487959284119224890e+01 4.011700081854087330e+00 6.288484552004812045e+00 6.647515635834382763e+00 5.924388664966985907e+00 1.163703580820306227e+00 7.526669701406265567e+00 -1.062637037816980268e+01 -5.934512885043682573e+00
2.399179911414651656e+01 -1.548975407804075743e+01 -2.104332768542984056e+01 -6.920136611537024862e+00 -2.873839431611915529e+01 2.026876950864223659e+01 7.619700340940087635e+00 -2.664920381558748996e+00 4.374117963329758219e+00 4.376113817767201652e+00 1.338282323905973570e+00 8.184506164228289027e-01 -3.503911357756902323e+00
2.412220716448963032e+01 -1.553087891365798079e+01 -2.285892479404241584e+01 -8.694093902565400711e+00 -1.994651774686243684e+01 2.055352360171812265e+01 1.124144526599252458e+01 -1.318434985456841702e+01 -3.407847627064192891e-02 5.928935975978182782e+00 2.515069618402589136e+00 3.242093791208361608e+00 -4.532502313743092870e+00
2.429464067934265259e+01 -1.691965302035941932e+01 -2.244919182942778590e+01 -4.938416575520944818e+00 -1.012857681287919043e+01 2.146655846280955160e+01 -7.106265031748594529e-02 -1.920386055176858875e+01 2.092069089109699576e+00 1.249169605665848515e+01 -1.869945095263875423e+00 -4.538843058589787205e+00 -3.813419115796565340e+00
2.445057504284053707e+01 -1.951646805899358128e+01 -2.357340059401378696e+01 -2.171127157501112848e+00 -1.772905333477534429e+00 2.247574738970363128e+01 -5.811561849831178073e+00 -2.339667272589589331e+01 4.352849797106920882e+00 1.197256841967864105e+01 -3.692059292142679361e+00 -6.516400219564106422e+00 -3.920323943921573129e-01
2.447561540090353915e+01 -3.204329580290837498e+01 -3.657271803623675055e+01 -7.603225175296263849e+00 -3.626711482305182255e+00 1.755233992327071491e+01 -7.172790647605383541e+00 -2.084479326665366727e+01 9.026855717759687536e+00 9.308251372893829867e+00 -6.499018210924660366e+00 -7.150847825741053931e+00 7.261758866027693493e+00
2.443284341966327133e+01 -2.493602364143329808e+01 -2.754362375330896739e+01 3.391021041588631491e+00 -7.130318834662815464e-01 1.453560645247531014e+01 -7.965813225905904460e+00 -1.010308474742286577e+01 1.048680499964978452e+01 7.100236178015604693e+00 -1.328312916162577650e+01 -8.750992942989460843e+00 2.030539699057069214e+00
2.432601338001751756e+01 -3.214397517648033897e+01 -3.597656459473359547e+01 4.373726221286191596e-01 -6.334924375109831196e+00 8.663018441828421956e+00 -4.088630785601087503e+00 -4.059274311627851795e+00 1.559427234847570354e+01 1.037908595128989653e+01 -6.776668833078124621e+00 -2.427204936738917240e+00 -2.423310747419332500e+00
2.418800813599335697e+01 -2.746423936633600249e+01 -3.176409674809562844e+01 7.713213099045033161e+00 -3.644827173426790079e+00 2.350053355061283877e+00 -1.993013760817142321e+00 -1.577675848248057955e+00 1.328752037620127879e+01 4.349525938369286138e+00 -1.165050229121825431e+01 -1.828024380189436027e+00 -7.178013531881741294e+00
2.435924014342968746e+01 -2.421013787329270528e+01 -2.550007045082908164e+01 1.266104171135275003e+01 -4.817289339716470664e+00 5.354331361100520326e+00 -4.519225342007125334e+00 4.157283469033188794e+00 8.733238707681152846e+00 -2.763529192421338543e+00 -9.155001989489280234e+00 5.562704634929991343e+00 -4.114012509041367061e+00
2.453120925020815335e+01 -2.554456136559042179e+01 -2.296120490207490050e+01 1.209927747037607126e+01 -6.445501055449663674e+00 1.424074139614194934e+00 -8.053974094975519193e+00 2.606527894476855511e+00 9.188805601829640679e+00 -2.223240017360830212e-01 -6.096958176165225396e+00 8.257852489188406864e+00 -7.199002207845667911e+00
2.454218006283085529e+01 -3.456511586582087858e+01 -3.150756870392427444e+01 6.649626219359446644e+00 -7.770537538975272440e+00 1.273106443810556598e+00 -8.144502377046482167e+00 5.098872710422756249e+00 1.087314903695864210e+01 -2.061388561368809658e+00 -2.021498463146002678e+00 9.313997173559274145e+00 -1.193316643946032407e+01
2.435708673334388408e+01 -3.121240509586128198e+01 -2.652399793395957417e+01 1.022460804391325695e+01 -6.332169171731998780e+00 -3.746364233577742509e-01 -3.931954089313233869e+00 7.351587129904801010e+00 1.059796487727355263e+01 -1.583107886907418660e+00 -8.603715088355190943e+00 1.264086163830745591e+01 -1.106963867031128146e+01
2.419141733190109278e+01 -2.514417738553106219e+01 -2.284934498209202758e+01 1.931191167754128202e+01 -7.521713682556056213e+00 -7.155551184587651825e-01 -7.664813757421945262e+00 8.876796184816640789e+00 7.682050168566275872e+00 -1.611011203120296942e-01 -9.177471908934311529e+00 7.034298038689740906e+00 -8.934568746945865669e+00
2.415557497998720038e+01 -3.387340571490152996e+01 -3.232186555651790627e+01 1.257339800988338396e+01 -1.155084476464080190e+01 -1.650122906924984978e+00 -1.289633758175210421e+00 1.285926449226759161e+01 5.632591974372337162e+00 -5.696977838195890875e+00 -7.782220671045343430e+00 9.132864166047699683e+00 -1.466077883849917640e+01
2.408644450113518332e+01 -2.738843491290597143e+01 -2.673434614229583062e+01 1.754213584442160112e+01 -7.264678544827080309e+00 -3.241668365087918335e+00 -6.135478495152749900e+00 1.249873479868258386e+01 3.841875424612130718e+00 -4.994077188246612842e+00 -1.602473035633255272e+00 8.986956713906838701e+00 -1.447156649417414087e+01
2.397586660864019947e+01 -2.830867986944320336e+01 -2.893086063029410937e+01 1.733576960718388804e+01 -1.362347486478577352e+01 1.874365396600984557e+00 -4.894683787380135875e+00 1.328318335177605292e+01 4.298970507753296033e+00 1.277435015607338409e+00 -4.263677667006640526e+00 5.475052385879907391e+00 -1.813917063914661654e+01
2.396500026972534059e+01 -2.898674487877060102e+01 -3.179955199292689372e+01 1.594725078123780904e+01 -1.287166836262787939e+01 3.598932655151634297e+00 9.799307790196790657e-01 7.593985482920695418e+00 1.046120935873682534e+01 1.178511347542518184e+00 -8.653669569716971210e+00 -5.949991427168344060e-01 -2.119427408129518398e+01
2.391489187238942193e+01 -2.042248899986124044e+01 -2.435680973823978590e+01 1.846908625259118963e+01 -8.044661772184950266e+00 7.741665298845088472e+00 -8.762606467099052221e-01 -5.413448267268143432e+00 3.483288951362476293e+00 -2.494122058396515573e+00 -7.493617348753134344e+00 8.692933387178639393e+00 -1.191398155234499612e+01
2.363835750345393905e+01 -2.420055158193804701e+01 -3.376048268705689992e+01 1.405047246486964063e+01 -1.063082348966824675e+01 5.927441479934711488e+00 -8.118477086455615499e-01 -3.483292085770140822e+00 5.369993033016942086e+00 1.613945492072669241e-01 -3.748847693982726437e+00 4.306797037740257572e+00 -1.676592425731399771e+01
2.325836333636696551e+01 -2.648044781858543928e+01 -4.274745457974113805e+01 3.007933532572514945e+00 -1.768930943825837687e+01 2.586607470241209517e-01 3.888351004728221927e+00 6.325997041622248851e+00 1.063816408909960209e+01 7.095484302635189700e+00 1.575282519573173889e+00 2.027568079273618373e+00 -1.822092822419732272e+01
2.276219985124532030e+01 -2.632802980352537858e+01 -4.296772874029032607e+01 2.743965612771034901e-01 -3.536286850264978199e+01 -3.765411572163239740e+00 -9.920097565614433677e+00 2.169344663947384788e+00 5.973757759381944865e+00 4.927874581304807933e+00 1.220697963232015987e-01 9.393172696184436177e+00 -1.223449584628328601e+01
2.212199323413026519e+01 -1.785943939591020779e+01 -3.061825323147147415e+01 3.843878218027976690e+00 -2.937846160063222811e+01 6.751380979756668843e+00 7.806509029083307460e+00 -9.848243057265124722e-01 1.244437682431934533e+01 -1.263163164554598872e+00 -4.835709172220808427e-01 1.078648092465095853e+00 -8.767783062177276321e+00
2.182202782828537835e+01 -1.893647139043710226e+01 -2.910808783171757952e+01 8.506178677672375343e+00 -2.686533917769419233e+01 -1.421231828089131177e-01 4.211117818768872922e+00 -2.990473827774501880e-01 7.446761556617006228e+00 -3.083152092565721869e+00 1.409825046530867709e+00 6.943334003084562056e+00 -1.517058700612320443e+01
2.155207640827504179e+01 -1.984950076619525561e+01 -2.819383606709413215e+01 1.559019596213406444e+01 -2.626256013941357281e+01 -1.226937443259168070e+01 -1.051622255429984953e+01 7.873510011814393472e+00 5.383178763284452550e+00 7.895690880207819617e+00 2.225086040815432931e+00 7.450139497495561258e+00 -9.341448603466600886e+00
2.150386322006500706e+01 -2.444110609112046717e+01 -2.984563659347625375e+01 9.366273179696753104e+00 -2.985143768517040996e+01 -2.130218714496738741e+01 -1.144068233581606009e+01 1.380160232609207327e+01 1.041313217613911668e+01 1.357888984813833666e+01 4.890017496229429383e+00 8.081067430319313516e+00 -2.414216976591968322e+00
2.112410675473742927e+01 -2.484315474595018003e+01 -3.222497249796963104e+01 6.337979544453277825e+00 -3.395843265545784107e+01 -1.876743852055908235e+01 -1.286702215509865610e+01 4.535934606403724700e+00 4.791812366090989705e+00 2.396818474979146529e+01 3.918222105726992144e+00 -2.272391696266138350e+00 -5.494826244395707882e+00
2.063658415470676388e+01 -2.009672760908265587e+01 -2.482029558259558399e+01 1.278182526177759293e+01 -2.134812415208057601e+01 -1.926877411644155602e-01 -1.069089369560214919e+01 9.556455622483564838e+00 1.133045995429092123e+01 1.169996347048906493e+01 -1.027611555066974525e+01 2.959126187606596403e+00 -1.432419510706370680e+01
2.031001443941129025e+01 -2.314047364117394778e+01 -2.460063810356092517e+01 1.620992777223986536e+01 -2.184404616869959881e+01 4.606483672797262230e+00 -1.336662463603686390e+01 6.441177320930697725e+00 -8.909445448058640471e-01 7.208542317205140826e+00 -1.014125694340169304e+01 1.307897488308216616e+01 -6.331934214112203918e+00
1.945332551732281701e+01 -1.913591084163653733e+01 -2.123333745813773987e+01 1.011774551173393100e+01 -1.608700621484269178e+01 5.355995379818693891e+00 -1.344845234144713686e+01 1.266809782650449812e+01 -4.162839632048950911e+00 -2.124301892694394844e+00 -5.439037237872861308e-01 6.165131512017383741e+00 2.570747929111741881e-01
1.848115303354590466e+01 -2.195878905833255246e+01 -2.844572613396129768e+01 -1.400274179125806429e+00 -1.223396997211467152e+01 8.001126689125085178e+00 -1.089944046773113406e+01 1.186947515460910907e+01 7.566218492041428156e+00 7.439292375412087210e+00 -2.648534447853429175e+00 1.260631300223474938e+01 -7.648635870593675889e+00
1.815745670129834721e+01 -1.719258115639960494e+01 -2.712432074298092033e+01 -1.376579738493838745e+00 -1.766959428948246114e+01 9.927258132891836340e+00 -1.546986979828727726e+01 1.241153501419337957e+01 5.519456023573044767e+00 3.930788886289462436e+00 -7.185741065665452787e+00 8.851222293853791001e+00 -3.882922038090751649e+00
1.791971592748999598e+01 -2.126129076229149817e+01 -3.298168240302061349e+01 -9.222767651486748264e+00 -2.754361464749815624e+01 -6.662018317239271070e-01 -2.143415361554948007e+01 1.445225554072113994e+01 8.804958465335115392e+00 9.862504852752797646e+00 3.725743563032556604e+00 1.179198709184425553e+01 1.658042371643141388e-01
1.784110969555461423e+01 -1.670085553920679544e+01 -2.311642085796561830e+01 -1.235205952003925800e+00 -2.151302943148799329e+01 -2.194443692277013302e-01 -1.643790255764215047e+01 2.306235837775899356e+01 4.991876013276802304e+00 -5.836098080783793662e+00 -6.740315943140187116e+00 1.868363494126733571e+01 8.879401656946207311e+00
1.783025931402124797e+01 -1.844891290685949059e+01 -2.741773127816601630e+01 -3.794925414041553591e+00 -2.162849898021172024e+01 7.518961747762228143e+00 -1.600436201489302235e+01 1.093814104026155931e+01 -2.689882362947227268e+00 1.356099031512933983e+01 -7.552654788418546872e+00 1.342714036626498242e+01 2.281743449562624093e+00
1.775165531551861875e+01 -1.753760305342467518e+01 -2.329307680382856205e+01 8.898493700956161545e-01 -1.470418251332241155e+01 1.683036153418663616e+01 -1.041012397998799166e+01 1.990314355498411292e+00 -7.870243989256005435e+00 1.320035149898881777e+01 -1.319124151427374869e+01 7.212711339304274105e+00 -3.080576613011502651e+00
1.788600471351794141e+01 -2.185623333824584691e+01 -2.887916014219314320e+01 -6.060685328081007128e+00 -3.073014777355257721e+01 6.767665214767651705e+00 -1.605057334163513261e+01 5.935748870644018682e-01 -3.855868723935339748e+00 2.201304861456403117e+01 -2.536511804533743142e+00 1.067399145305605401e+01 1.396450901121316868e+00
1.784601435802635905e+01 -2.046413841867389749e+01 -3.011621765871915457e+01 -5.484138349787540001e+00 -2.866549379959505828e+01 1.720631122200935392e+00 -2.349692772139347596e+01 -3.330125414012095941e+00 -9.577717426242587928e-01 1.805927856376603202e+01 -3.447683319693848336e+00 5.310908728349402530e+00 -5.592551072105867327e+00
1.797375968439497385e+01 -1.747324522432097282e+01 -2.591643487042123084e+01 9.494535654515394718e-01 -1.951638340565468965e+01 4.135190990749145534e+00 -1.512547017175504749e+01 4.678061710344024959e+00 1.735065794320634014e+00 1.756331668559374748e+01 -2.249418152357446132e+00 6.922398821014677850e+00 8.456840742300090197e-01
1.780718285894814201e+01 -1.599704282364907648e+01 -2.827113314677962563e+01 4.601242312574931326e-01 -1.503534302326749383e+01 6.634310206470692250e+00 -1.552288360382812549e+01 1.141651204801160890e+00 -3.546767072164592971e+00 1.144606172305598513e+01 -4.607704473735707573e+00 1.346007443063827935e+01 9.465656875955819061e+00
1.772440719074520388e+01 -1.608856200899950295e+01 -2.906444272089510861e+01 -8.080768625349506351e+00 -2.297369274103808934e+01 -1.254566402674046621e-01 -1.583074567082970674e+01 1.134331113767916621e+00 -9.599844666035414420e+00 2.341961529739911185e+01 -3.712218785460302151e+00 4.077474306142623739e+00 3.797204379568743793e+00
1.774542547181395591e+01 -1.497091142551233567e+01 -2.163296403203116469e+01 -3.421272488301539738e+00 -2.519010316923147741e+01 4.788013994943220553e+00 -1.324359305066008297e+01 7.956963878129093892e+00 -1.167482725720302916e+01 2.200846163582333048e+01 -6.541569553879494903e-01 3.840744890585467530e+00 1.346491240230654474e-01
1.803444437922108179e+01 -2.094056726587872319e+01 -2.631456013402214467e+01 -6.670272818732260411e+00 -3.453456399193002113e+01 6.492394259294727021e-01 -1.561912863281331632e+01 7.648811171305323064e+00 -1.468101120443667584e+00 2.114551673156402600e+01 6.352340915836683921e-01 3.100519991786684137e+00 -9.959034473092607698e+00
1.804811450286054608e+01 -2.131089454157081065e+01 -2.308180886856188252e+01 -4.831114087110216282e+00 -3.370392188203660311e+01 -1.204508840419549892e-01 -1.037845266465879845e+01 6.544334734890538741e+00 -1.493873018502340333e+00 2.088757814720189643e+01 -2.251294484972037324e+00 6.816226080522007180e+00 -3.657005834513943565e+00
1.798842995412077883e+01 -2.483975633248221015e+01 -2.955357577353710496e+01 -5.786616306055511139e+00 -2.979282151787055710e+01 8.144282374512951117e-01 -1.382009936283706786e+01 6.493421770594300035e+00 -3.357218725115639568e+00 2.950634960929897233e+01 4.901876185885768678e+00 2.957702410149485672e+01 1.382958617130954160e+01
1.785370811751630526e+01 -2.170368018815772615e+01 -2.333984632823563032e+01 -3.683139920126381917e+00 -2.614633890490364365e+01 -3.881123124025321891e-01 -8.660470971627500347e+00 2.784282101780959362e+00 -3.503946585021741722e+00 1.893759500856377898e+01 -2.622484578154479440e+00 1.485904463308851575e+01 3.065737647921768172e+00
1.792770023007805236e+01 -2.021016364104567486e+01 -2.545846159961761757e+01 -2.770057644752113024e+00 -2.919492273538636695e+01 2.882638377483374148e-01 -9.322302144509633237e+00 9.559260001018872188e+00 2.954635831508192645e+00 2.024548790576859147e+01 -2.372086683137179630e+00 1.192348642010285786e+01 8.067720445654501304e+00
1.786417768680898277e+01 -1.653469616781501372e+01 -2.336886589073420240e+01 3.566131913197970182e-01 -2.696243548951493452e+01 4.117086154912770191e+00 -4.620808565615097230e+00 7.981810292009734020e+00 2.425114761596904867e+00 1.974189466433797335e+01 -5.802774508857700297e+00 7.502781630328236417e+00 7.992902447911935049e+00
1.795513388161020529e+01 -2.090747187423076880e+01 -3.050892571106998830e+01 -5.959521372028468100e+00 -1.814081135133339728e+01 4.079211297754390841e+00 1.167482399206288379e+00 1.278277701962656820e+01 5.026902641090614132e+00 2.501402588014770245e+01 -8.334632776430492385e+00 9.718367121796543273e+00 -1.341515166138879112e+00
1.811838029750343892e+01 -2.260903570277523400e+01 -3.131873574328994536e+01 -3.159762978887356244e+00 -1.792329197452001210e+01 1.575157704269284364e+00 -1.147823449710015931e+00 1.008568420278031841e+00 4.254056824196232434e+00 2.265037985024255462e+01 -2.690175783935377041e+00 1.694909748544489503e+01 -3.697873666092458489e+00
1.854988052568377910e+01 -2.201578821506179295e+01 -2.635908395726204034e+01 -3.355245994610798199e+00 -2.184818047513584105e+01 2.559519101223037829e+00 2.994219059813627570e+00 -8.594989916907756822e+00 -7.951179015781904003e-01 8.903010417853494118e+00 -1.218020099693342218e+01 1.218305817068980446e+01 -6.171024161479315318e+00
1.876112313688580713e+01 -1.995569047945134500e+01 -1.944909719141490001e+01 3.548793274841752332e+00 -1.677125506649625564e+01 2.889325047771616362e+00 1.941638836325262574e+00 -3.092143831842863566e+00 -4.540572747978008472e+00 1.014246126896731148e+01 -4.630948310441406868e+00 1.081942426364244980e+01 -4.563881687759080208e+00
1.875882419352605268e+01 -2.031694609906380578e+01 -2.156441930509140192e+01 2.344051967952836879e+00 -1.391246643437914976e+01 -2.953651133320043809e-01 -1.301232598984814137e+00 1.139686276725573766e+00 -2.426261444887487073e+00 1.385542479774360736e+01 -2.639496071200763794e+00 9.184230070140888103e+00 -7.224404841779564102e+00
1.884764389432647391e+01 -2.396737301342601612e+01 -2.494719255712436379e+01 -6.512840642029067428e-01 -1.698009226704881769e+01 -4.108288652840537125e+00 -6.625945245743653622e+00 6.165526649158244332e+00 -4.256333764981020451e+00 1.427418164602029371e+01 3.190669088617581028e+00 1.667806466025786705e+01 2.381676535282152951e+00
1.909658192647867736e+01 -2.732229021246123679e+01 -3.125167079822436023e+01 -7.893239021427464586e+00 -1.679016934437441932e+01 -2.018734224660745369e+00 -8.369572224791978599e+00 -5.960426389037142281e-01 -4.049583572504031892e+00 1.701386851865648708e+01 1.908076316682094653e+00 9.345336076296037575e+00 -3.182575457856885448e-01
1.897888288563271431e+01 -2.698102680815573251e+01 -2.915720620169334154e+01 -8.715691385928801438e+00 -1.937336950697879345e+01 -8.056522526795584227e-01 -5.894942560733998249e+00 -1.308698438347712933e+00 8.945368582595552009e-01 1.933088543308513607e+01 2.752077706055760853e+00 2.939382873194445800e+00 -4.001072447756563122e+00
1.886845179972539910e+01 -2.501680862161504848e+01 -2.421199054887611624e+01 -8.377447540023622352e+00 -2.080496133737049291e+01 -4.375503734439892267e-01 -1.046810644699047943e+00 -1.623588497984802759e+00 -1.061644830400599426e+00 1.687444635086925260e+01 -9.344563301824194701e-01 5.674875611466926983e+00 -5.190404926158382892e+00
1.858086949105748076e+01 -2.181192702306307041e+01 -2.043549001416294431e+01 -3.903443186385075148e+00 -1.666662604871765652e+01 2.567965731566581034e-01 -7.245596527982329782e+00 -4.303015059320445701e+00 1.081303689988498462e+00 2.368462351206225236e+01 8.281117928786404292e+00 6.562189566519813777e-01 -9.783904179181338590e-01
1.856121752694199500e+01 -2.172141812380361614e+01 -2.471039053998117296e+01 -9.358732353346292498e+00 -1.734150905923328168e+01 2.082275904557657320e+00 -3.117399902375602938e+00 6.815163009332110278e+00 2.163301319676188328e+00 2.156400051524000361e+01 5.228904273375245104e+00 2.662352642749027609e+00 9.686651202766582980e-01
1.874222385173452921e+01 -1.582732896821096880e+01 -2.346769191671657140e+01 5.415599334567374745e-01 -1.258492249697947507e+01 2.705531091655657416e+00 -4.223721862870246646e+00 7.335054824867156320e+00 -8.883642491488073389e+00 1.716726779428558558e+01 -6.184767165482147888e+00 1.533759560698105595e+00 -2.867497728344400976e+00
1.892843173183674210e+01 -1.876534373931924193e+01 -2.470363698147695075e+01 2.082445463773789474e+00 -1.671855116135145991e+01 -2.281499477953651267e-01 -1.106066215558007926e+01 1.150161312702662997e+01 -4.460117300161126508e+00 2.033175400927467535e+01 -1.021091097081703314e+00 8.171472320180647841e+00 1.959209509600551014e-01
1.892032589730740710e+01 -2.084064276721545994e+01 -2.601363679828067177e+01 2.125298009584192460e+00 -1.582213231320945468e+01 -7.724128061013340485e+00 -1.652462711012590546e+01 -6.489285471794334348e-02 -2.416612108310469242e+00 2.598171181048936518e+01 6.820847363651125761e+00 1.430318797044018808e+01 1.416160510271744943e+00
1.905465547888465849e+01 -1.864323833300819544e+01 -2.494709684473231448e+01 1.151407356712824459e+00 -1.313780730576001687e+01 2.768384256211019245e+00 -9.129092583658717786e+00 -3.806358164521936427e+00 -4.006143714728935379e+00 1.676675509988575286e+01 4.983204112988471657e+00 1.135451401424934659e+01 1.375343957588376576e+00
1.900073825289221574e+01 -2.363321268699428757e+01 -3.230745693558461085e+01 -9.042620398058710762e+00 -2.134191510603119113e+01 -3.046656397797125937e+00 -6.374439474637524583e+00 -3.863453819321973182e+00 -1.040370927019331093e+00 1.715068267015917058e+01 5.137671697438088714e+00 1.454235040529224321e+01 -1.667864255474797996e-01
1.925867046731871213e+01 -2.076254737646820914e+01 -2.598818462178193300e+01 -1.979660253231876554e+00 -2.055466204781548001e+01 2.669845901511224362e+00 5.504760788793154447e+00 -7.308675014108919399e+00 -6.296696550381046364e+00 1.760144652018225386e+01 -1.718589882016727521e-01 1.345531209877853485e+01 -5.447652781704558578e+00
1.896632272787600826e+01 -1.927710077472543659e+01 -1.928981182832518826e+01 1.418619165187186004e+00 -2.207569569349987049e+01 2.208051499346596724e+00 3.351947106752300787e+00 -1.009435335837490832e+01 -8.804447671831931999e+00 1.961164465123613709e+01 -2.052196259662879996e+00 1.506500888966752072e+01 -2.347308730757367012e+00
1.873643449068558553e+01 -1.915775245258432946e+01 -2.417276164704955832e+01 -6.849869764197100697e-01 -1.278742417678807541e+01 5.446190417576114662e+00 -1.073602213576183750e+01 -1.028863972907589819e+01 -8.090882945536156612e+00 1.328784650110800314e+01 -2.766933672889388074e+00 1.823503979773442296e+01 6.317422775682395297e+00
1.849168934342662141e+01 -2.016469451081438891e+01 -3.139306735180419849e+01 -4.761476578340083421e+00 -1.693964832558372891e+01 -5.275259426067125723e+00 -2.029970336085872873e+01 -9.050505191712595376e+00 -1.715606992197361791e+01 1.195062511162623053e+01 -3.489814696141977368e+00 1.333918720791108470e+01 2.244525722057137518e+00
1.844212815497670022e+01 -1.606298639807141626e+01 -2.553690062627918778e+01 -1.121927227288576408e-03 -1.174734558834524378e+01 4.013290935399018267e+00 -1.064677201262566442e+01 2.116379347301546865e+00 -1.247298766895665700e+01 1.694827183301977058e+01 2.147197328594643295e-01 8.673736461439439438e+00 2.696584884360393009e+00
1.842229626728857639e+01 -2.093118518136299144e+01 -2.772387387120328484e+01 -9.071050186140926286e+00 -2.395035092113241149e+01 -6.712318053527754458e+00 -1.397098375289720451e+01 -4.068960278050662183e+00 -8.202408894850700349e+00 1.161676178043425978e+01 -4.261462661641731486e+00 4.351949099480710181e+00 7.812753983322625828e+00
1.836265828471714556e+01 -2.120899987175355861e+01 -2.883944772452565175e+01 -8.687941537288498495e+00 -3.065767765347789364e+01 -5.434358358234013586e+00 -1.040727621787489632e+01 2.392837147514149443e+00 4.701228260705664574e+00 2.585623844145134953e+01 -4.514907377763103469e+00 8.374114237254541848e+00 1.335504741885040758e+01
1.776952654394611031e+01 -1.593472600585080556e+01 -1.839793728513893711e+01 5.633063492764824876e-01 -2.556121787179203508e+01 7.987031635670854834e-02 1.795466992315194243e+00 2.939887230386900807e+00 3.153056080826383667e+00 2.221320371046862263e+01 -1.165560661680221699e+01 2.232072462376055277e+00 -6.012800141566628120e+00
1.508500657369110165e+01 -5.379771802873971609e+00 -2.995031200729991738e+01 -1.537796459875917776e+01 7.181212202989650795e-01 8.700030881927867554e+00 5.783837617976093526e+00 5.140359588747512198e+00 3.755299587915119641e+00 8.826930213075115716e+00 5.764438011235739623e+00 9.174866826238437412e+00 8.623877208892899660e+00
1.456998855690355477e+01 -1.786845866021261831e+00 -2.576179604968012882e+01 -1.782765281945455982e+01 8.275092048792785704e+00 5.915425138658274129e+00 -6.520058006577695409e+00 1.922803456772087749e+00 6.846320411437639919e+00 1.013628683682313358e+01 6.986007415917781849e+00 6.674113638264923765e+00 -5.134328195302066966e+00
