1.596865117861387340e+01 3.642538958155480344e+00 -5.364957641333352001e+01 1.572187461408967035e+00 3.798381276476407464e+01 -1.543852407688983597e+01 -3.567172750513115176e+01 2.024076784343893110e+01 2.299218291128602232e+01 -2.237829904744182841e+01 -1.154798075392964485e+01 1.652880128201240595e+01 4.921037648913163309e+00
1.510218451256599970e+01 9.844463065096709542e+00 -4.250179379085231801e+01 -2.211471764240505955e+00 2.308083757590851803e+01 -6.598609925964969314e+00 -2.144836756701947067e+01 9.489129424198075924e+00 1.786809729771339050e+01 -7.987441475979042416e+00 -1.363220744532899431e+01 3.170848600975046949e+00 3.642188953095253812e+00
1.597481457743563027e+01 4.385810466323630585e+00 -5.886497662768385908e+01 -2.283665557819859515e+01 2.562474741280719215e+01 -1.850239414934349114e+01 -4.051595865371477601e+01 1.425907673641910911e+01 1.799693198047290466e+01 -2.092106974268130415e+01 -1.282564791791119418e+01 1.413858988360007984e+01 8.330405310143416120e-01
1.607514780834557655e+01 1.010666281093587315e+01 -4.128289693893280798e+01 4.491376188295632232e+00 2.599223145945049751e+01 -7.344641528225341887e+00 -2.766426391637981297e+01 4.096853245138613708e+00 1.154045537326687310e+01 -6.147860347512204449e+00 -7.447052454828331669e+00 8.662061078264862601e+00 6.192840557377238042e+00
1.621115211127100864e+01 -9.686585418379165091e+00 -5.705249683866880872e+01 -1.999842720634977056e+01 2.123165410905152584e+01 -1.798836483298401490e+01 -4.182055780199880246e+01 -9.971070372547730098e-01 1.509769997707007327e+01 -1.118528204789858904e+01 -7.958921024015223722e+00 1.797172559185025165e+01 1.161051026985051138e+01
1.665071107061898203e+01 -5.501787612327921018e+00 -4.723530557872626900e+01 -9.363952263808632992e+00 2.537114461054651215e+01 -1.670502328133351000e+01 -3.813724770901093564e+01 9.893594098077277410e-01 7.072449066989856981e+00 -2.285660013623224529e+01 -1.509593931433932212e+01 8.691882150794743467e+00 -2.621716471277450999e+00
1.497057764487558273e+01 -5.542248588817741073e+00 -3.446888677990240524e+01 3.017260714362413943e+00 2.546182700591538861e+01 -6.102551391379614110e+00 -1.756211390540364192e+01 4.370626100040079010e+00 3.076198108946672782e+00 -1.542405534480434248e+01 -4.270058295511160118e+00 1.237860315204505213e+01 2.620718870352804597e+00
1.270205099827157014e+01 1.346319334189138850e+01 -2.575035272445031254e+01 -1.132938012236052394e+01 2.467693415619599406e+01 1.255282520803032043e+00 -2.664117769864273200e+01 -2.136361498721339913e+01 -8.191110221598330909e+00 -7.330298131627150937e+00 2.481087925076732592e+00 1.333650837237457765e+01 -2.809129121812194541e+00
1.451401535070586135e+01 3.157462438131985749e+01 -1.291730839653174989e+01 -1.770233435894778395e+01 5.408357629401476885e+01 6.104706521530275376e-01 -3.496645800001849125e+01 -9.621737987340896581e+00 -2.963443060469389678e+01 -3.307348948302805525e+01 -3.096521978080267345e+01 2.365988795875248840e+01 -1.096028248672416261e+01
1.528440871677925195e+01 2.957674026746173368e+01 -1.389499918530808209e+01 -2.710182216133938837e+01 2.358187509791586933e+01 2.849378826511337337e-01 -3.089979024643469430e+01 -3.549745546313222633e+01 -3.773216416911508020e+01 -2.358282501556122668e+01 -3.432068525010529925e+01 -3.748431833226634757e-01 -1.438385526334269571e+01
1.544388299714019297e+01 2.353117704892235551e+01 -9.108338039208122794e+00 -1.742331379333972308e+01 2.141791672798451174e+01 1.762961270423124915e+01 -1.645246523258486349e+01 -3.515408872484551495e+01 -2.690443039707863093e+01 -1.636406652085663893e+01 -1.599019028823365574e+01 7.050916194231757750e-01 4.637031551118849793e-01
1.555100361615156679e+01 2.299910534359250747e+01 -1.609327907224047394e+01 -1.876840815121390094e+01 1.918884837078741867e+01 1.005827643772496494e+01 -2.394890655459544604e+01 -3.537565170628992917e+01 -3.149211826702699923e+01 -3.015972713683409978e+01 -3.052321176325781593e+01 -6.673163034929412873e+00 -7.085377495806978843e+00
1.513427841403810348e+01 2.243908702155002999e+01 -1.339178179701305815e+01 -1.388547757762040469e+01 2.024036875716861772e+01 1.369514942781064448e+01 -1.442739069657494433e+01 -2.533543593021562756e+01 -2.193833600138955120e+01 -2.149939962056606291e+01 -1.670048055476199167e+01 6.680687492051859522e+00 1.142478492593031270e+01
1.508170369260437838e+01 2.787412352794077464e+01 -1.337365103670799016e+01 -1.938827916298040677e+01 2.373285989019291620e+01 9.956248379538918059e+00 -2.040333765992452086e+01 -1.991704583366177062e+01 -1.514041385931643013e+01 -2.559009949400987338e+01 -3.138415851048703331e+01 8.312337825740662822e+00 7.057429968199814496e+00
1.493132550190233410e+01 2.834593022328020240e+01 -1.043617098802181253e+01 -1.551367000452507483e+01 2.135952780889384783e+01 1.027625886816508327e+01 -1.771740553683704888e+01 -2.152210040583300810e+01 -2.240418376318343974e+01 -2.260598359776779631e+01 -3.315969517021092372e+01 2.323458017269330433e+00 7.615080590424602391e+00
1.503026333981810936e+01 3.552225699011825810e+01 -3.331660349440704216e+00 -2.395814711982140111e+01 2.679209604542939616e+01 7.948019253964362818e+00 -2.134024690618479525e+01 -1.659145911244304727e+01 -1.219155317348506529e+01 -1.074722299122935354e+01 -3.118208551168190823e+01 1.140041057498465094e+01 7.810764851145506782e+00
1.528865567330516662e+01 3.073189368570993452e+01 5.951706804010219898e+00 -2.163907888264204615e+01 6.221915581040441623e+00 1.070017678401488981e+00 -1.904720351348161955e+01 -2.366202688689925893e+01 -1.782808601002995630e+01 -1.607902218846324871e+01 -3.039158661054741373e+01 2.673243836503816695e+00 6.883345725862429099e+00
1.605395615643108087e+01 2.854264490807218380e+01 3.436512364959280141e+00 -1.783033951213469592e+01 -3.603509994485320611e+00 -9.069594384227983141e+00 -2.108643129729875199e+01 -2.155536973312239368e+01 -1.937832944256911460e+01 -1.367373692341594271e+01 -2.920140427877563383e+01 1.463915265199863924e+00 3.028165218696716315e-02
1.639468473315665875e+01 2.686003912838198815e+01 1.131533360039987057e+00 -1.743709876357201338e+01 -3.030072942168257732e+00 -1.681484704287495902e+01 -2.677795646589833112e+01 -1.233539058058426008e+01 -5.464046825366651872e-01 -7.047051874984379793e+00 -2.676308648177921157e+01 -9.150768584372301895e-01 3.167381214209005869e+00
1.732929002928437257e+01 3.383967964693563601e+01 -7.561752322336846355e+00 -3.289405189294762977e+01 -3.637192833621326393e+00 -2.519633111460896657e+01 -4.055369696882477371e+01 -8.182207201515200978e+00 1.189287154855502626e+00 -9.398197319324189891e+00 -3.890181660728884339e+01 -6.601189377526275326e-01 -3.454327579112024704e+00
1.814686665355241857e+01 4.052494439734963549e+01 -1.066027220271347886e+01 -4.491556407139115947e+01 1.055638126396419807e+01 -1.854011378483227546e+01 -4.421087021829578845e+01 4.500110364368844706e+00 1.404912506771376357e+01 -2.039427775040175028e+00 -3.640329875868298615e+01 6.985987484406273040e+00 -4.287963335313698110e+00
1.857870308669290438e+01 3.444809670655749301e+01 -2.387918163731803034e+01 -4.698981829772842644e+01 1.961941517465006113e+00 -3.996261046983162402e+01 -4.773789326175874947e+01 -8.437099017437850179e+00 -2.693295056062170012e+00 -1.466340524191443606e+01 -4.308044486804748630e+01 -2.014076590717386317e-01 -7.969166924504390792e+00
1.871705517420343767e+01 2.446896417296446202e+01 -1.928640744517552719e+01 -2.976155558825407255e+01 -8.976332420892605413e+00 -2.323421715916795804e+01 -3.199500684250543259e+01 -2.622667293275085409e+00 1.512343692057602063e+01 -6.705262590428686664e+00 -2.357264941164459415e+01 1.891926039778336843e+00 7.385291852808138380e+00
1.862228088224242839e+01 1.634819267138915677e+01 -1.474536476181989997e+01 -1.379354947322252656e+01 -9.207610443113241061e+00 -2.312643205251944067e+01 -1.843014212916220629e+01 8.903564607497767014e+00 1.580362544673686997e+01 -1.564442343515736411e+00 -1.142230117137913048e+01 4.110104660434825696e+00 1.392270353587787035e+01
1.878904050668207049e+01 2.904277326908855628e+01 -2.260053878639379832e+01 -3.246424645681739207e+01 2.048933753127812452e+00 -3.072829735713600030e+01 -4.286250524026311837e+01 6.117058536292441673e+00 2.083666431311135270e+01 -1.091889142522468958e+01 -3.014501153515000453e+01 9.011801806852774988e+00 6.854643667042537913e+00
1.844167276785447029e+01 2.119479889396209060e+01 -2.013297466272296887e+01 -2.368615088159642212e+01 -7.378029677135297781e+00 -2.819586871653059745e+01 -3.537623858243319575e+01 -1.277236059252752964e+00 1.507299055753791706e+01 -1.659039781987707585e+01 -3.377072618196176990e+01 -6.537694412245421915e+00 8.202888490783051267e+00
1.811983289961415977e+01 3.674255819497206943e+01 -2.520243376886619302e+01 -3.513984115189187207e+01 1.455447178376587303e+01 -3.469060385367005495e+01 -4.568404590208059091e+01 1.045607820127388621e+01 1.663482658949795479e+01 -8.925629514252312546e+00 -3.751561801218433345e+01 1.025384294338457636e+01 -7.106166828772350064e-01
1.732774989788959275e+01 2.526344045914742509e+01 -2.647040846451913509e+01 -1.118642300050830940e+01 8.575183552663366626e+00 -2.504963474760214126e+01 -3.201927535882349218e+01 1.912117257031519690e+00 7.006133818954121573e+00 -1.407371584124740771e+01 -2.529372448190443023e+01 1.200735012148620662e+00 4.747360171561828324e+00
1.710085262688152241e+01 1.431478693836172411e+01 -1.974684328918574394e+01 -7.539285627227872766e+00 5.915871396629721168e+00 -2.995258323084186713e+01 -3.976792464417852813e+01 -1.111288901443904464e+00 7.790333982251130607e+00 -2.837174361965935176e+01 -3.424978594908981933e+01 -1.267761204112014262e-01 1.197296693156288860e+01
1.703230021149222750e+01 2.705948188123575804e+01 -2.729668441652359689e+01 -1.271972714681769645e+01 1.469800941189235033e+01 -3.181837126076014144e+01 -3.920870815438509283e+01 7.747937356473041604e+00 9.292843538928627467e+00 -2.181562837567780022e+01 -2.750022854990461596e+01 1.140328165603810895e+01 4.991504700845833753e+00
1.702383700237948361e+01 2.791354852058621105e+01 -2.668209129265771296e+01 -2.169170965298162557e+01 1.488904302171190075e+01 -3.478769280632284477e+01 -5.101693562486808275e+01 -9.400018227251238923e-01 6.615221723225059414e+00 -2.921941751249052999e+01 -4.374951072916460504e+01 2.720524668018919012e+00 -8.364337051871922890e-01
1.744019369749340242e+01 2.650138838031260136e+01 -2.676077239115024398e+01 -1.437449756469276174e+01 1.326024199541418369e+01 -3.031911364725387514e+01 -4.428789361324430018e+01 1.560726519450116312e+00 1.428114944976625189e+01 -1.263377475177998832e+01 -2.887052965248496861e+01 2.055763481906358159e+00 2.363489287311577147e+00
1.780720554806723754e+01 2.191888112718275039e+01 -2.686243061366495510e+01 -1.558354468899707435e+01 5.895326781089354817e+00 -3.379951452772942133e+01 -5.298792455881186214e+01 -5.723125754155454770e-01 1.581487078520538958e+01 -1.795715096496391894e+01 -3.522301681590948874e+01 -2.476018897027164378e+00 -2.131973452906816557e-01
1.817154946404812677e+01 3.210749204113914601e+01 -2.453935558960356289e+01 -2.061644543361327919e+01 1.301569969591282572e+01 -3.122434883508460857e+01 -4.296106082238437551e+01 1.002610300875718963e+01 2.117981057376292853e+01 -1.076049054889814904e+01 -3.028520289362495888e+01 6.632482475411457301e+00 4.761654582592425911e+00
1.828993860302873387e+01 2.847522746110619707e+01 -1.983123358458206553e+01 -9.707475770207739885e+00 9.676859523950378517e+00 -2.584967005192775602e+01 -3.524927356914776766e+01 1.337266820563518088e+01 2.257298117406162419e+01 -7.305844740731418874e+00 -2.770315319346551419e+01 8.385702515791248146e+00 7.671644843756442178e+00
1.872996377334673213e+01 2.319515420705320352e+01 -2.464595060353667932e+01 -2.206180725172616164e+01 2.945431739117984268e-02 -2.982866808924879720e+01 -3.866019987754041409e+01 5.276786914646743654e+00 2.188200841944490094e+01 -9.754133723093945108e+00 -2.322330002335626276e+01 3.413719441575276736e+00 8.366906310221846610e+00
1.844702721645244381e+01 1.170942289089207300e+01 -2.295839863356030008e+01 -1.746538863861853841e+01 -1.013787774914155193e+01 -3.221770912163275824e+01 -3.042120478701976438e+01 5.348212550630780271e+00 1.982491131069038204e+01 -1.024774540421637736e+00 -1.517165044597996904e+01 6.020717029934380404e-02 1.182549059260343860e+01
1.904441728261841504e+01 3.466081925992772739e+01 -2.814259442739416528e+01 -4.636081349938153551e+01 1.647527513920670827e+01 -4.476530240760186530e+01 -5.998227150998847179e+01 1.212185420025547167e+01 1.628871515631139744e+01 -3.422444573777571275e+00 -3.573622640608670764e+01 4.186744313963560060e+00 -1.301835967389368776e+01
1.870614636231227124e+01 2.560605469312413618e+01 -2.253842389259317613e+01 -1.899449789054998305e+01 3.373812983921138819e+00 -2.525434711293642565e+01 -3.043512389171018739e+01 6.043279564542625160e+00 2.320285397809884742e+01 8.567005594147106606e+00 -1.162694350860427939e+01 7.436449374738991480e+00 4.361643693805397071e+00
1.886850992553753414e+01 3.129804763292351311e+01 -2.073309015932974120e+01 -4.050725564697935965e+01 6.293177635325125863e+00 -3.274617340617924555e+01 -5.934539080845549108e+01 8.102561326287649468e-01 2.871274048127103384e+01 -2.281989997067343623e+00 -3.679953020289981680e+01 -2.914232971555579255e-01 -8.196667814213743242e+00
1.821558156434988263e+01 3.402184303426493983e+01 -1.351078954891133499e+01 -4.722578530444735634e+01 1.009628286361456695e+01 -3.774685709479266649e+01 -5.942017738603112775e+01 1.401270138873150106e+00 1.962378848383786689e+01 9.978438517815979125e+00 -3.975574691875685573e+01 2.176576806374354245e+00 -6.608274498220465532e+00
1.849265921749837815e+01 3.378270537686035624e+01 -9.971771037564398199e+00 -3.855189445758161781e+01 6.985172701581134902e+00 -3.219643891441960193e+01 -6.433828110240467879e+01 -1.017404786771277081e+01 3.096251533195549754e+01 1.635247904134195096e+01 -3.116744649520844135e+01 1.273697674915079148e+01 -2.275036358091000910e+00
1.790262299463361018e+01 3.203304846646335591e+01 -1.562595025332889964e+00 -3.237098720158978438e+01 3.142771187587855231e+00 -1.183234865344327424e+01 -4.482605009722485789e+01 -1.772753032065664769e+01 2.516147774775497936e+01 1.485533593952555798e+01 -2.226387107047602498e+01 9.471641130505247475e+00 9.616958850855171548e+00
1.789086385610789165e+01 3.360441851591561147e+01 -2.044788543387813018e+00 -1.284682934125741660e+01 1.416380380230548042e+01 -3.216400872476840789e+01 -4.833966767877596737e+01 -9.630520612038072414e+00 1.635267332986729727e+01 2.100900125865333479e+01 -1.942435792851422605e+01 2.743173235917423902e+00 -5.867028559807870636e+00
1.792667256299972323e+01 2.943903998393301435e+01 -5.837847804158188936e+00 -2.715342041005097684e+01 2.405211621694093527e+00 -3.211192515856371443e+01 -5.719157483458362634e+01 -1.523501596225841581e+01 1.926057709663616535e+01 1.733279014855231637e+01 -1.800327657989413765e+01 1.191649410504079221e+01 9.102218714495565521e+00
1.749562727902046433e+01 2.892031138315330452e+01 -1.401366037956867094e-01 -2.729141478719226299e+01 2.335170126443374627e+00 -3.908610529756938234e+01 -6.459100644923296386e+01 -2.411345142687936871e+01 1.438067678449684372e+01 2.407350435613695794e+01 -2.560375799747776426e+01 -3.600225903871563937e-01 -4.882016883468248025e+00
1.749195056776768809e+01 2.643526100963540415e+01 -3.973055141719469940e+00 -1.601934609310589508e+01 7.449043884110250202e-01 -3.628212746095496755e+01 -5.460608832066965590e+01 -1.784518738898598400e+01 2.088978301601325072e+01 2.234899110228497676e+01 -1.635151177035319847e+01 -3.846523722775914145e+00 -4.636435542611928362e+00
1.808652351728832741e+01 3.443386522715040599e+01 -9.743461102695304632e+00 -3.786516543562581916e+01 5.111649901984981703e+00 -2.027146788916310172e+01 -5.180012476557786272e+01 -8.854743996064806666e+00 2.388110315983292153e+01 5.155334593855715575e+00 -2.095746045063853913e+01 1.178891433544275458e+01 -4.480376151529327444e+00
1.846644625209760804e+01 2.583787794102928714e+01 -1.716936482202472192e+01 -3.115763483664284905e+01 -5.872288753518231985e+00 -2.709192047127234559e+01 -4.907389046642853003e+01 -1.223481867283106972e+01 2.730105589042775804e+01 1.332832950472743150e+01 -1.843498439489059493e+01 -2.290957556194230249e-01 8.697242351641280678e+00
1.826083231492067327e+01 3.407431126578948977e+01 -2.105423944528719460e+01 -3.772155177108683688e+01 9.826178162803611116e+00 -2.749130854097794341e+01 -4.448925706323327489e+01 -2.540424464067711607e+00 1.370283133262848629e+01 1.494035263320601814e+01 -2.787895685047183747e+01 4.477802897115205738e+00 -4.233189929270110063e+00
1.827013396769838138e+01 2.020673902303737890e+01 -1.942091426338463123e+01 -2.732480233877267750e+01 -9.387036087306283250e+00 -1.970975198300124731e+01 -3.060517588713638304e+01 -1.135007353165507205e+01 1.022705774001814305e+01 -2.188189329396690863e-01 -1.944305673194429218e+01 -6.642509315764556277e+00 8.520618058771821879e+00
1.816042247037229274e+01 3.719335895801300751e+01 -2.288493117252727771e+01 -5.007890778528895481e+01 1.771622875759248572e+01 -1.308054987709178896e+01 -4.373488001973970540e+01 -1.129038449514370512e+01 -2.268126805082383068e+00 -8.655940922875853261e-01 -3.523146244058940368e+01 8.374300288969891426e+00 7.469116099120398644e-01
1.811449977074710915e+01 3.453249765108974856e+01 -2.554213478881992572e+01 -4.064062016639250885e+01 1.576610041007345941e+01 -3.955275370088513043e+00 -3.208305605364095214e+01 -1.913258318924331647e+01 -4.588164141751293279e+00 -1.937804605910854905e+00 -2.586254354667648769e+01 1.084331108612016159e+01 7.808687205231190198e+00
1.797637099176952091e+01 3.184206739780864481e+01 -2.572464632562664733e+01 -4.588829423422087928e+01 8.473239231609280608e+00 1.600083854343755385e-01 -3.793576090105738530e+01 -3.453664985752260463e+01 -1.567430225929298793e+01 -5.844846331400862738e+00 -2.265836770982561532e+01 8.311438146120083914e+00 1.170900089066480376e+01
1.759287161721115567e+01 2.698444565787531957e+01 -1.865513795901949123e+01 -2.583311805589755750e+01 1.492412791250098714e+01 1.830498773537995660e+01 -1.506759944566370812e+01 -3.752184310285940683e+01 -2.807087305837465507e+01 -1.013038096999493121e+01 -1.151115929270414817e+01 -1.414701024815795960e-01 9.439931641622106184e+00
1.721561980580962725e+01 3.081077368118907245e+01 -1.604976631837575241e+01 -3.165916595642969966e+01 2.356377286395527548e+01 2.352270531208956328e+01 -1.899062532828645189e+01 -3.755602760470440415e+01 -2.249524046847994185e+01 -5.455765029782716269e+00 -1.567657697952598461e+01 4.484112772238418643e+00 3.489897778321146671e+00
1.695800803685346381e+01 3.277064490358772275e+01 -2.405758266597263528e+01 -3.798705807536891399e+01 4.682445470669102860e+01 1.054107721021082433e+01 -3.718940840829505134e+01 -2.683325316893907342e+01 -3.552496025340165176e+01 -2.349436610090491584e+01 -2.872938127444422918e+01 9.525520767555271107e+00 -1.576850850751478283e+01
1.701329359300865463e+01 2.836558541926214971e+01 -2.466415618965003276e+01 -1.705622685840262776e+01 4.229402736956199504e+01 2.132332658084604660e+01 -1.526638122880119219e+01 -2.177746980051641046e+01 -2.452066079253977193e+01 -2.260993839853308884e+01 -2.902873569390732200e+01 5.761752009104698757e+00 -1.290748461171405292e+00
1.698007656033518842e+01 2.751896251498444812e+01 -2.461214327329094331e+01 -1.680856317577397263e+01 4.326383051911035693e+01 9.408473471873296745e+00 -2.829406612500351770e+01 -1.754652632880710073e+01 -2.192382959180455870e+01 -2.776752438359998365e+01 -1.504445551552208649e+01 2.232843578490303216e+01 -5.557382238959316823e+00
1.712962305369447336e+01 2.110548681312346986e+01 -2.458836924220007703e+01 -1.193461760612383138e+01 2.992066557895607204e+01 6.282136974459301193e+00 -2.714500179237855804e+01 -2.770813489438550903e+01 -2.710285035616815108e+01 -2.928834917805704663e+01 -1.171695536256338777e+01 1.565179700668771012e+01 3.417295265346157240e+00
1.722502153878510001e+01 2.333173027389915077e+01 -2.429046840541551333e+01 -1.731241619944288246e+01 2.671055638687869660e+01 8.299004419949779887e+00 -2.687963680986301185e+01 -2.343969124940127102e+01 -1.759375786085252713e+01 -2.128859892008918564e+01 -1.109265984296240326e+01 1.847401671399075695e+01 2.420558363304988525e+00
1.717114669871432042e+01 3.269657966810156324e+01 -2.659168353260043460e+01 -3.114144053871385864e+01 4.912257742531792104e+01 3.134077144232210621e+00 -2.919859623855332131e+01 -1.872204060039193152e+01 -2.970339139188774524e+01 -2.436296009782044791e+01 -1.861927404630261762e+01 2.456174053729140638e+01 2.176082060762842385e+00
1.765041648523255802e+01 2.261592805621980062e+01 -2.486638441837168045e+01 -1.714650921715597320e+01 2.601533917380388417e+01 1.332937952302154017e+01 -2.178148333294339167e+01 -2.449135144613947901e+01 -2.176806870828356466e+01 -2.855404297937979763e+01 -1.652128201026619791e+01 1.936102958371582972e+01 1.734327745949463306e+01
1.767275560464837270e+01 2.324770642379920815e+01 -2.165859616275796995e+01 -1.226133111074094195e+01 2.224186141922808702e+01 7.078692314103216532e+00 -1.682186950289364447e+01 -1.708731602380516534e+01 -1.969037818565627518e+01 -2.901279218027911000e+01 -1.394587015135786778e+01 1.834362367319208076e+01 1.488174610828129296e+01
1.743167569823851437e+01 3.184073408114867831e+01 -2.557305836418870015e+01 -2.904648833623472370e+01 2.670236141210563829e+01 -7.321057347352155631e+00 -2.964590182801489604e+01 -1.350250365400395935e+01 -2.883848457971138401e+01 -2.290518369594225945e+01 -2.175984142296594470e+01 3.005734337249394272e+01 7.073080570297978653e+00
1.721932126542498409e+01 2.219812318324833100e+01 -2.037283500495630761e+01 -2.216069396372563816e+01 1.824407709296564306e+01 7.107549599845663924e-01 -2.989059027371398969e+01 -2.494647642535901610e+01 -2.096783102205626292e+01 -3.044278297104328601e+01 -1.834849145041127016e+01 2.012309827899806081e+01 1.134104757580895395e+01
1.722043579199955943e+01 2.890083454161062804e+01 -2.246065269912740092e+01 -2.448791199290411313e+01 2.347043655619735603e+01 -2.715194261990122815e+00 -2.754410651580636227e+01 -1.400361358515431753e+01 -2.112360397162626313e+01 -3.020127141256490333e+01 -2.284681183425586681e+01 2.317703273269018283e+01 1.115635497958829880e+01
1.661342610179488943e+01 3.494161119599699106e+01 -1.932618799266551690e+01 -2.295510656082668888e+01 3.166162224028312622e+01 -7.368870512048555810e+00 -2.547893464227151128e+01 -3.575919529209712788e+00 -2.323941751108381126e+01 -2.789475029695146802e+01 -2.653770786637616297e+01 2.309133465529080453e+01 3.860298969387200962e+00
1.407902595253420941e+01 1.964446864530669146e+01 -5.797393837240135461e+00 -9.981456667986341458e+00 1.159508188370874215e+01 9.776249084468325634e+00 -4.936486237098185015e+00 -1.092625037345567307e+01 -1.728248510463973275e+01 -2.096579671986492599e+01 -9.555044749277929128e+00 1.991079206321088435e+01 1.077030137580096358e+01
1.210072873158024187e+01 2.964175998693507808e+01 -5.226699014849427449e+00 -1.304325336790648393e+01 3.434463608099412113e+01 2.106058749823929599e+00 -1.508305427382148522e+01 9.421296427181840016e+00 -9.006383150228627343e+00 -3.003122148433659078e+01 -3.355460375139313811e+01 2.478045162623876507e+01 3.329745766119150296e+00
1.113009718098882139e+01 2.970029048113788051e+01 6.337624640106150231e+00 -1.760096864788990345e+01 3.090291644463434295e+01 1.268441608108451391e+01 -1.168080998799062087e+01 -7.557523056807850637e+00 -1.028387880844988089e+01 -1.961507722121763209e+01 -2.846099255156555330e+01 1.883107912940423034e+01 8.193892394735740048e-01
1.049425907730265983e+01 2.821428024506649024e+01 4.960295954241777494e+00 -1.636472816604812763e+01 2.765086215085709043e+01 1.008903218874148777e+01 -8.394485129111803445e+00 -9.214808061670797912e+00 -2.020353746314278354e+01 -2.703457112775850035e+01 -2.637442714995169624e+01 1.879903937937591962e+01 -6.475791845410872050e-01
1.300062686003976076e+01 3.041623578149638973e+01 -1.647998813665805784e+01 -3.043791163878904982e+01 1.003490127169279944e+01 2.591373483203685879e+00 -3.019333965648682394e+01 -2.379704458745660389e+01 -5.834550448672850109e+00 -2.436643547923985631e-01 -1.263274813930530982e+01 1.095682292695736315e+01 6.461945687170094210e+00
1.409279847896749693e+01 2.685431932729704130e+01 -8.299061117415945432e+00 -1.643720195118955729e+01 1.357854252468577805e+01 3.649548122353368118e+00 -1.791706752733806951e+01 -2.221843811831305970e+01 -2.159943569333815461e+01 -2.357563426429839026e+01 -2.172107965888783809e+01 1.249804288262471630e+01 5.696686596052573215e+00
1.553196459401210205e+01 3.589695365571828489e+01 -1.201944763833066254e+01 -3.356013480012767047e+01 3.799558588381584201e+01 7.616923448074644831e+00 -2.544813951360521287e+01 -1.346470778181278405e+01 -3.607379293933166764e+01 -3.198131005142480277e+01 -3.468975611347386945e+01 2.184918284915769959e+01 -5.503001645531274022e+00
1.677656062558515870e+01 3.005717895769690884e+01 -2.700557981409648534e+01 -2.338235780929450058e+01 2.000837733098828153e+01 -1.055886177509045565e+00 -2.029924830048343409e+01 -1.605470185251179771e+01 -2.474685491500482470e+01 -1.413250740335681144e+01 -1.890773496675529586e+01 2.347244208322141290e+01 4.384712908524660335e+00
1.729295258967136917e+01 3.883954135586329670e+01 -1.906899521175069623e+01 -5.179167621666078247e+01 4.948369357579232997e+01 4.243266754674220209e+00 -5.726861820942787062e+01 -1.043769052924098872e+01 -2.944930945160197311e+01 -4.659094771156354398e+01 -2.492362368403645689e+01 3.877640074181043417e+01 -1.420375118930817671e+01
1.695460065895159829e+01 2.246291510554246074e+01 -1.602488745239308443e+01 -1.424815790298579188e+01 2.153336439703080529e+01 7.431212540822551560e+00 -2.215836564261828556e+01 -2.133178123990795427e+01 -1.713243984614409499e+01 -2.207425938594476733e+01 -1.346004466717389825e+01 2.297499020559683558e+01 1.823142116243780819e+01
1.698082853394268099e+01 2.993789002857899817e+01 -1.851088834782778747e+01 -2.959616349208127417e+01 2.331548104437678859e+01 -5.387744871660819612e+00 -3.151029937299997741e+01 -1.284558324314218147e+01 -2.151087199940216621e+01 -2.872684522983647426e+01 -2.408462327956110371e+01 3.172692451509386302e+01 1.121047434656511577e+01
1.692304321452033022e+01 3.485110678167190201e+01 -1.893840810472508096e+01 -3.238018647045798559e+01 2.482683127114522037e+01 -1.100833128900394264e+01 -3.152481787887044717e+01 -1.690717563512794896e+00 -1.026532823099166336e+01 -1.659622992489653015e+01 -2.127490770352695293e+01 2.351529022115444434e+01 1.749643662796780186e+00
1.680043684304554930e+01 2.513680944237566450e+01 -2.322597316955290836e+01 -2.536355000620552502e+01 6.887680221457692653e+00 -1.800035178190621110e+01 -3.651509434067713045e+01 -1.997068189842322283e+01 -2.139591650021390024e+01 -3.855192979710037093e+01 -3.533862172557797976e+01 -1.725023078470061533e+00 -3.844925993116905971e+00
1.656764615585680644e+01 3.393809115426791578e+01 -1.981013052015481080e+01 -2.498112454444988018e+01 1.734729392975950901e+01 -2.143337969471082616e+01 -2.827963004547906323e+01 5.640051317111755225e+00 -7.702772872249789238e+00 -1.745720918340490613e+01 -2.683015874354482477e+01 2.274094783698108557e+01 2.206549458502981231e+00
1.651162266179259319e+01 2.916794633937130143e+01 -1.868286324264625620e+01 -2.277529411553557992e+01 7.985317514497654479e+00 -2.191862165457665768e+01 -3.010942669323853949e+01 1.722192208943762681e+00 -3.137181853188113934e+00 -2.538408515393541620e+01 -3.807649050158116921e+01 8.090947574569636203e+00 2.367205092437150160e+00
1.642811203234524342e+01 2.457874757607017813e+01 -1.694675588833812085e+01 -2.315357059208310275e+01 3.428495698640900091e+00 -1.734044739341291219e+01 -2.849932886006182287e+01 -2.648942518095484644e+00 -1.722766603341770175e-01 -3.021758210868343042e+01 -3.261790137129304412e+01 4.064622560954843422e+00 4.229905964978175170e+00
1.632259636635857802e+01 2.580170355987024422e+01 -1.616560447438272163e+01 -2.149343647814926328e+01 1.180440922888377209e+00 -1.670105150224734203e+01 -2.437707145535790687e+01 2.463227710425945016e+00 8.238195895052493611e+00 -1.380355558547641692e+01 -2.905044622546246913e+01 4.697949009682855226e-01 6.714874483830892693e+00
1.619325100743609269e+01 3.778780713378426270e+01 -1.763668401465506008e+01 -3.524741823240874794e+01 2.404754709643905386e+01 -2.327901501397932549e+01 -4.087464407915660303e+01 1.306698167886299444e+01 -2.430362552529798936e+00 -2.412656637450072949e+01 -4.165621721122986543e+01 1.281217656252311343e+01 -3.724595668679381966e+00
1.516809809289057931e+01 2.090153692495685078e+01 -8.077726081269760883e+00 -9.150297394426267772e+00 -2.779734780630538804e+00 -2.251765661791672102e+01 -2.064199781263079103e+01 4.426537984069760512e+00 2.263210983668978216e+00 -2.255772223409427824e+01 -2.487453285279634585e+01 5.597462537840764973e+00 1.773368143602935376e+01
1.333474670049209720e+01 2.117219319855220405e+01 1.640579319877498721e-01 -5.483119058971129611e+00 1.899719966988521636e+00 -1.067259322599492144e+01 -1.249262927645361998e+01 5.848065935260275960e-01 2.581187945879768630e+00 -8.499691881112983793e+00 -1.690492236187552066e+01 7.939545149943022295e+00 1.467987729287763266e+01
1.188837394756492927e+01 3.365626102341140324e+01 -7.825552389653991803e+00 -2.769389935838065497e+01 3.417507571936239685e+01 6.516513366437004073e+00 -3.024693038966306702e+01 -1.139064279499156029e+01 7.566760625927435591e+00 -1.069115206898238801e+00 -1.544646182656812528e+01 3.313344421215123248e+01 2.137379648677707422e+01
1.197408178514200294e+01 3.263856568605164199e+01 -2.181575894536928928e+01 -2.532816271262334240e+01 3.706453119613285452e+01 6.416733574760893788e+00 -1.777640272365956164e+01 3.927044407435248186e+00 4.543076427518943361e-01 -2.283341718814586585e+01 -3.574977611458039917e+01 9.083597940320913722e+00 1.078601873872657535e+01
1.273528399836248148e+01 2.395590879144901209e+01 -4.015113033715645230e+01 -3.645432909271855948e+01 2.152578505700135381e+01 -1.523982205547036672e+00 -2.145545072446845936e+01 7.278289254430821309e+00 1.063886495659836307e+01 -1.739500642676504683e+01 -1.527381671865772184e+01 2.360760280979057413e+01 2.417379244285659468e+01
1.296846658148840170e+01 3.020494200472320756e+01 -4.099940944938815335e+01 -4.833829177699252000e+01 3.318107332530117048e+01 -3.713864684490413737e+00 -2.953986681430938432e+01 7.960601969765042973e+00 -1.462356817077282045e+00 -1.803123418977493486e+01 -2.520571738590165012e+01 2.164195140379052162e+01 1.150927645722835457e+01
1.189071646901879831e+01 1.643863960894593035e+01 -3.114644277781845716e+01 -2.916316410007829063e+01 9.771628257777289051e+00 7.942315642151720922e+00 -1.205119710293348234e+01 -4.906430463878993287e+00 5.382944731205781430e+00 -7.246394997329525189e+00 -7.513752393412149289e+00 1.403345065623992838e+01 2.035571900596184847e+01
1.165654101302173729e+01 2.904477085920850499e+01 -2.849165211316795165e+01 -3.680039675748456318e+01 2.204337219401052295e+01 -8.459909987865911474e-02 -3.095753434094669387e+01 -4.096003308033195012e+00 1.883290102705822022e+01 -1.775576526452564918e+00 -2.149302784144543566e+01 1.885871444136768815e+01 2.152177720410130490e+01
1.135391509516785824e+01 2.297962401839761171e+01 -3.795021371798705445e+01 -3.781201870774295060e+01 1.945121626006468318e+01 -1.772642113268067376e+01 -3.346394122143411209e+01 5.420346803909533939e+00 1.659539286706013428e+01 -7.689570329046129693e+00 -1.009710807659844356e+01 2.549401546027928944e+01 2.551448988322002620e+01
1.175510529071957855e+01 2.758799408069823755e+01 -3.323583696186287284e+01 -3.634991830050238093e+01 2.296899713418554612e+01 -6.161379639338020020e+00 -2.617313425376202218e+01 2.396733722186311422e+00 1.276763516549983635e+01 -1.399932237562760484e+01 -1.948051908851592628e+01 1.520678256551446061e+01 7.436671587613095546e+00
1.169119040350918404e+01 2.168163878178386028e+01 -3.932897932538998731e+01 -3.437463164388782388e+01 4.812061786236244920e+00 -1.320384973958327279e+01 -1.641473813036180829e+01 -1.079979164277919290e+00 -2.042292886952247422e+00 -1.853627976044932169e+01 -1.304738680462345535e+01 1.384432590073698321e+01 1.091256078795047202e+01
1.131795615000122801e+01 1.970498222547460898e+01 -3.941703121822785505e+01 -3.767086135449136464e+01 9.550114126778375123e+00 -7.537571498049064900e+00 -3.011385177695959570e+01 -9.965488269749256389e+00 1.156763016881704020e+00 -1.876752221543829435e+01 -1.417658911178233261e+01 1.509715905312971351e+01 7.523549519955769149e+00
1.067362729126392651e+01 2.535448773737936534e+01 -3.142791031996296525e+01 -3.150242414928839096e+01 2.599986031380948504e+01 -5.586136475022746239e+00 -2.008667932399574951e+01 3.204377418457507787e+00 -1.353615116661200712e+00 -2.462485391993017103e+01 -1.562331619246905490e+01 1.923172448818778335e+01 -1.565873415968249249e+00
9.109141386386482964e+00 2.349677275258984466e+01 -1.220812699678359436e+01 -1.905916528273351318e+01 2.727937399705989208e+01 1.440198943083459859e+00 -1.170198280492867937e+01 2.316562198995368860e+00 9.388466752421161132e+00 -8.607179722607577688e+00 -4.924314662660342456e+00 2.991273139265753400e+01 1.155077054708900874e+01
1.311070020915493650e+01 3.107422545257496083e+01 6.169945454608997792e+00 -6.504171723460957288e+00 1.842042657353024282e+01 2.866978804982962536e+00 -8.959372158314574008e+00 -1.911192936476314164e-01 -6.384741718969234370e+00 -1.082638515837454207e+01 -3.114274198436194752e+01 2.304333437219125091e+00 -6.334201863262054921e+00
1.360711832652827624e+01 3.377810079721309222e+01 8.712288370809121218e+00 -2.705745735840640265e+01 2.286830694530568309e+01 -6.650507910983494142e+00 -1.821676047378327112e+01 3.942930465860785993e+00 -1.276327165690062060e+01 -1.004408385189734965e+01 -3.939930332431837456e+01 -4.334990668504360656e+00 -1.216100652902710699e+01
1.344543173209645026e+01 3.509510850837253315e+01 1.375506370566452041e+01 -3.737738749833663832e+01 2.522701965762345111e+01 1.677260858268132537e+01 -1.811755467110775086e+01 -7.320065020916845633e+00 2.590690647783570277e+00 3.303292444995044264e+00 -4.293939121523062852e+01 -9.408475877618835526e+00 -1.481400806971917739e+01
1.352771409733135144e+01 3.215317043075727099e+01 3.634135808081565333e+00 -2.859491801136600486e+01 1.732841536282296246e+01 9.652996257087249177e+00 -1.312020853098424844e+01 -1.328126439042698159e+01 -9.902533472580895335e+00 7.469407809831403178e+00 -3.479846502985678569e+01 -1.340073091444874187e+01 -1.558504759794656280e+01
1.382505982182169646e+01 3.608449444240024917e+01 7.568748321790260469e+00 -4.156582097986651547e+01 2.699207041822227993e+01 2.331030358845352879e+01 -1.971989723935451977e+01 -1.689395176026307510e+01 -1.627910916577016920e+00 1.300654857476320281e+01 -4.160679827752107940e+01 -1.219727561414600281e+01 -7.585728648107172845e+00
1.362005746337904100e+01 3.202323139497757865e+01 2.946135017946927004e+00 -2.874090927546716046e+01 2.532793942346138039e+01 5.872052039763024034e+00 -1.715256416486495894e+01 -1.250399941541976823e+01 -1.376686856160894479e+01 7.776873358978463102e+00 -3.507011407876021991e+01 -1.262694607603622288e+01 -1.096084219195611809e+01
1.330567826635140349e+01 2.752316550099042303e+01 3.211807763179203690e+00 -1.833684398146554173e+01 2.104626558348751075e+01 1.627644274550994297e+01 -5.408421359852141563e+00 -1.295435018964557017e+01 -4.530196769061112683e+00 4.774351343358044453e+00 -3.115179432255858316e+01 -2.092940250032820870e+01 -1.275811751411139383e+01
1.327397937436276187e+01 3.374441923988206327e+01 6.582880071328180982e+00 -3.646053842692827374e+01 3.287378693000900398e+01 2.358176990559607233e+01 -2.262814560536526187e+01 -1.704372713047909826e+01 -6.737383961220460904e+00 4.072439943684566188e+00 -4.456692476666598424e+01 -2.024782706463940585e+01 -1.909706194467234042e+01
1.355110410938337751e+01 3.062265182985902001e+01 -4.007443863630102854e+00 -2.295092120573693251e+01 3.081321290129942625e+01 1.513543830894061060e+01 -1.276432590124589339e+01 -1.587149867842984285e+01 -8.677896675986321640e+00 1.153341759321171978e+01 -3.645152547031882762e+01 -2.160233119638163046e+01 -1.464498096171531216e+01
1.370165071047448890e+01 3.244057363580402864e+01 3.126520535192770289e+00 -2.980482319371017752e+01 4.221762749677601079e+01 2.730355788487263524e+01 -1.777928904910017494e+01 -1.825385442412854431e+01 -7.610490915964868819e+00 1.442466413407452741e+00 -4.143762247933359788e+01 -1.929890151978212742e+01 -1.071487474721103261e+01
1.357413363237809811e+01 2.460303884112835249e+01 9.201539099712019443e-01 -8.899031829063387633e+00 3.197091010116272258e+01 1.046490174922106675e+01 -2.363528261377775053e+01 -2.687190009117167477e+01 -9.061106105641361097e+00 3.179197476565915448e+00 -2.787461591962510710e+01 -1.621902089305528349e+01 -8.145956337994386232e+00
1.330056226961334076e+01 3.057005364567074679e+01 8.393531142630013875e+00 -2.184220678286780881e+01 4.682235957774516066e+01 2.501485886127002800e+01 -2.848119269181742297e+01 -2.292812231738677653e+01 -2.900434527206007029e+00 9.384092744543847786e+00 -3.814915217419943616e+01 -6.825214052724549063e+00 -1.040029620827700718e+01
1.313259136176458419e+01 2.237803732335839157e+01 2.595342580816612621e+00 -6.937602644387390605e+00 3.284073314687935152e+01 1.240325691597428559e+01 -2.216423951322319752e+01 -2.803090251101166075e+01 -1.139752947338509692e+01 1.498258855623150199e+00 -3.364223697574937688e+01 -2.728696270296125448e+01 -1.652401932190358735e+01
1.292540614193132953e+01 2.659896566224881909e+01 2.978817115052754261e+00 -1.662382676096311229e+01 2.899391432713215977e+01 1.207593397049294026e+01 -1.724323780938498629e+01 -2.023923818057767932e+01 -1.018015692610640954e+01 2.019621877336453153e+00 -3.122066407315451642e+01 -2.034460800618921894e+01 -1.532115817821878068e+01
1.307789405460651722e+01 2.185663769617748642e+01 3.419486511490366976e+00 -3.826557429893752804e+00 1.840261487603036628e+01 5.534704212692595604e+00 -1.939707761576023515e+01 -2.674342983547988339e+01 -4.748480060546756754e+00 9.537270723671271710e+00 -1.742617989634050346e+01 -1.951295517727607987e+01 -1.240815244250763349e+01
1.302280245744075593e+01 2.923820740796922735e+01 8.590085440627165170e+00 -1.024993452720594966e+01 4.596949301013066247e+01 1.485096843281844414e+01 -2.104723256451950419e+01 -2.299745565647525325e+01 -1.656355541519020136e+01 1.353393950177798821e+01 -3.189056483745283899e+01 -1.347351472334296929e+01 -1.427802019102774445e+01
1.289643161299007090e+01 2.427015508928817411e+01 1.027996180401588333e+01 -7.839999386492035427e+00 1.568266380724893239e+01 9.487254550870051872e+00 -1.373095728137816707e+01 -2.613596528818989384e+01 -1.288959011662801046e+01 6.495320659393910567e+00 -1.689461550411210666e+01 -1.544913539487171050e+01 -9.319328230622554443e+00
1.268631323109065789e+01 2.327510977060299524e+01 1.269659689792644208e+01 1.270577050776187100e-01 2.639410894322931256e+01 9.404035597589487594e+00 -1.383085742237386384e+01 -1.861999245306836670e+01 -8.309876174863735088e+00 6.346668740688759414e+00 -2.524976047775964716e+01 -1.808755667193904770e+01 -1.176797028796734779e+01
1.229620133313600761e+01 2.560970378348265086e+01 1.560821913790528015e+01 -1.081594042471245132e+01 3.019329875818036157e+01 1.491224628072873237e+01 -1.620767431600533470e+01 -2.078001482911284725e+01 -1.432063554983147746e+01 2.611142968665254749e+00 -3.756234120340042182e+01 -2.086687051415570338e+01 -1.701495883367012496e+01
1.238632617334950936e+01 2.941506398975299064e+01 3.944995460024054434e+00 -2.459155836749146218e+01 2.816709196690325001e+01 2.594450660653979668e+00 -2.495411497474394125e+01 -8.506523966591737818e+00 -3.951154420804199319e+00 -1.703862593471930253e+01 -4.091787283692298871e+01 -5.476926962267841148e+00 -5.406869076255735429e+00
1.533353993634137069e+01 2.559585478805647796e+01 -1.001902594205822972e+01 -2.075816704990443640e+01 -1.622236770951912321e+00 -1.372221622952257114e+01 -2.352101080867020499e+01 -4.557510812139327960e+00 2.724342928461799040e+00 -1.307046223359074766e+01 -2.095350420659155688e+01 9.033616365209292454e+00 8.437125949484091336e+00
1.648953192234893095e+01 3.018407285249340788e+01 -1.305428680652469176e+01 -2.719133139529298404e+01 -4.935609832171091504e+00 -2.123522698829924948e+01 -3.273995453286632795e+01 -3.211501751875246224e+00 -1.983000993299775194e+00 -2.256659091777925497e+01 -3.674507040322288276e+01 7.358873671314536402e+00 1.069992958641975989e+01
1.667098647560329994e+01 2.692434579199653655e+01 -1.156919848422427144e+01 -2.063152211322101337e+01 -6.267546064170609332e-01 -1.602627614466246442e+01 -1.775742306916882640e+01 4.382039401934813228e+00 8.310542502460656067e+00 -5.953678281763653324e+00 -1.601896655088311050e+01 1.376759668532881697e+01 1.512536285983614626e+01
1.672185834641752322e+01 3.726480502676710671e+01 -1.616568763123968822e+01 -3.907847838026770404e+01 1.308602542115250600e+01 -2.040714100574329848e+01 -3.433420589886434726e+01 5.881980168724385116e+00 9.740675262348103658e+00 -8.359930541129255488e+00 -3.075372643585262367e+01 2.228861326198429182e+01 6.149165851280309347e+00
1.647168077263140873e+01 3.266360986795594812e+01 -1.556095615237211049e+01 -3.225255838827272470e+01 5.429506311824042086e+00 -2.728180085461760029e+01 -3.514999579429752430e+01 2.273953992516472677e+00 9.191316534811981853e+00 -1.096057627289981440e+01 -3.054100905523200993e+01 8.781076792237179518e+00 3.440892311499916811e+00
1.636608518501067167e+01 2.912740301382936536e+01 -1.442316551878278119e+01 -2.554586099015522649e+01 -2.476925150340311355e+00 -2.778896378931032629e+01 -2.701038363202292203e+01 2.144763037767159375e+00 5.482035973087490355e+00 -7.253605162575667897e+00 -2.762699500817879184e+01 4.080847811982136086e+00 2.048677932813699698e+00
1.702262506623797123e+01 2.944589411240246335e+01 -2.136777554401934864e+01 -3.121698117314931764e+01 -3.420730986477106494e+00 -1.756832114222294550e+01 -3.276173644542777907e+01 9.921380439695791642e-01 1.663715861447337119e+01 2.335561848138577312e-01 -2.412845051003643349e+01 4.603992117442483156e+00 1.265616561575788168e+01
1.696246853728171899e+01 2.593694254302366531e+01 -2.030220247339921258e+01 -2.885704667910876609e+01 -7.867275979276754150e+00 -2.049817179851055471e+01 -3.185113163158447946e+01 -4.672979633327345894e+00 1.553304695437998895e+01 1.218460067021005511e+00 -2.432896468797436640e+01 -6.244706866042299964e+00 1.463906849051344494e+01
1.620492917738719640e+01 3.709295495428917633e+01 -1.633397919587469715e+01 -3.783541746842841746e+01 1.099925215245568744e+01 -1.545248789413861701e+01 -2.741434580776083152e+01 6.713849423240612957e+00 1.358774718048333519e+01 1.140075454195675420e+01 -2.937604866998911746e+01 4.702514413147158123e+00 4.232487913728386175e+00
1.571640334948586570e+01 2.590550422338886349e+01 -1.407915082648161587e+01 -2.711749985582795119e+01 -3.445125727620677480e+00 -1.050512711663909826e+01 -2.173570857965468051e+01 -2.849693127101426526e+00 1.928105507528526275e+01 -3.934365203354314167e-01 -2.791260694693207256e+01 -1.146610652494242899e+01 7.783787794972281127e+00
1.496346716839083157e+01 3.720529932612301138e+01 -1.449099138329983383e+01 -2.888037449296367143e+01 1.594277339959455198e+01 -1.087358991721323953e+01 -2.064525526192790039e+01 1.033690374687937386e+01 1.352291773995832358e+01 2.810090351773423034e+00 -2.817867460036954341e+01 4.211880508993707473e+00 -3.351123659729183135e+00
1.469100629191242291e+01 3.588307550733304652e+01 -1.212133419601436657e+01 -3.055005197571093234e+01 7.070154413560502782e+00 -9.921963658123337026e+00 -2.617310589468533522e+01 1.200502346368129203e+01 2.656287189479063926e+01 1.467530268928018966e+00 -3.080475378369846595e+01 3.355278727589130039e+00 7.929382492665199678e+00
1.274527081614877844e+01 2.433439124598274717e+01 -4.032109078504170441e+00 -1.489947002659843633e+01 -2.426164247130293994e+00 -2.156020251267449783e-01 1.469349704450572336e+00 1.032399111695785088e+01 9.792689634077555993e+00 -3.035856853360670904e+00 -1.422719823325726018e+01 -6.150845149809248680e-01 3.306950264619516133e+00
1.201548989948264001e+01 3.104459957445454066e+01 -3.773368436140056570e+00 -2.815558369153014340e+01 3.599437551445459516e+00 -6.445922768766194633e-01 -6.280152209401410168e+00 1.169472723719059282e+01 2.243641444606757673e+01 1.023189272591855747e+01 -9.351679783932864254e+00 2.231752833046122220e+01 2.151246421790576591e+01
1.188921979474833179e+01 3.582271942305995083e+01 -6.666237571108879489e-01 -2.957409422949070432e+01 2.659725791283916951e+00 -5.252059352240442180e+00 -8.305308613508602278e+00 1.288879446197337586e+01 2.687148900566947063e+01 2.254729712554768284e+00 -2.734154722788837333e+01 5.581605247319556540e+00 7.378629301406668617e+00
